0	0	5
28	0	3
34	1	2
18	2	1
23	2	2
35	2	1
18	3	5
29	3	5
15	4	5
29	4	4
36	5	5
4	6	6
18	6	6
25	7	6
30	7	0
34	7	0
14	8	1
28	8	2
18	9	6
25	9	0
21	10	3
1	11	1
1	12	4
3	12	4
14	12	4
19	12	4
35	12	4
6	13	4
30	13	5
34	13	2
35	13	4
4	14	6
30	14	6
15	15	4
37	15	4
29	16	0
34	16	3
13	17	5
20	17	5
28	17	5
31	17	6
38	17	5
20	18	3
31	18	6
22	19	3
14	20	4
15	20	4
39	20	4
14	21	0
15	21	0
37	21	5
22	22	2
1	23	3
31	23	1
11	24	6
15	24	6
28	24	6
31	24	6
18	25	4
25	26	5
29	27	5
15	28	1
25	28	6
38	28	1
9	29	1
5	30	6
29	30	0
39	30	6
19	31	4
13	32	4
21	32	4
21	33	3
30	34	6
5	35	6
6	35	6
19	35	6
38	35	6
32	36	6
34	36	3
18	37	0
3	38	4
4	38	4
36	38	4
0	39	2
9	39	6
18	39	2
29	39	2
23	40	6
30	40	0
35	40	6
11	41	3
19	41	6
5	42	6
25	42	6
39	42	3
18	43	6
23	43	2
34	44	2
19	45	4
4	46	4
0	47	0
19	47	6
22	47	5
12	48	2
25	49	2
34	49	2
6	50	0
28	50	4
6	51	4
15	51	4
19	52	1
34	52	1
2	53	6
5	53	6
13	53	6
18	53	0
0	54	5
29	54	5
39	54	5
18	55	4
3	56	3
9	56	5
15	56	3
21	56	4
38	56	3
8	57	1
21	58	0
12	59	3
30	59	3
30	60	5
25	61	3
32	61	1
23	62	2
29	63	4
14	64	0
21	64	0
22	65	3
21	66	1
1	67	5
5	67	3
12	67	3
25	68	5
14	69	4
18	69	4
28	69	1
9	70	0
5	71	2
6	72	3
6	73	4
9	74	2
13	74	2
30	74	2
6	75	2
9	75	3
13	75	0
23	76	1
36	76	1
23	77	0
25	77	0
20	78	6
23	78	6
37	79	0
2	80	2
5	80	2
17	81	1
14	82	0
17	82	4
28	82	0
36	83	0
38	83	0
6	84	5
21	84	5
39	84	5
19	85	6
28	85	6
29	85	2
30	86	2
4	87	3
14	88	5
5	89	3
25	89	3
31	89	3
9	90	5
18	90	5
39	90	5
13	91	6
35	92	0
36	92	0
5	93	2
29	93	3
30	93	2
36	93	3
8	94	3
9	94	4
12	94	3
14	94	3
25	94	5
4	95	1
5	95	5
20	95	0
34	95	6
39	95	6
1	96	3
4	96	5
37	96	5
39	96	5
18	97	0
23	98	0
30	98	0
15	99	3
5	100	0
21	100	0
30	100	4
21	101	2
0	102	0
39	103	1
9	104	0
21	105	1
30	105	5
20	106	3
5	107	0
6	107	2
15	107	0
21	107	0
29	107	0
10	108	4
15	108	4
9	109	3
17	109	3
18	109	3
39	109	2
14	110	0
28	110	1
29	110	6
19	111	2
28	111	2
32	111	2
6	112	1
23	112	1
31	112	1
36	112	1
31	113	5
23	114	6
4	115	1
9	115	0
14	115	2
23	115	0
29	115	4
33	116	5
2	117	4
11	117	5
25	117	4
30	117	4
18	118	2
6	119	3
14	119	3
19	119	2
25	119	5
26	119	3
0	120	4
6	120	3
18	120	1
21	120	1
38	120	1
9	121	2
33	121	2
35	121	2
0	122	3
11	122	6
12	122	3
36	122	3
3	123	3
6	123	6
30	123	6
34	123	6
35	124	1
28	125	1
33	125	1
39	125	1
39	126	3
18	127	5
10	128	2
11	129	2
13	129	2
28	129	2
1	130	4
7	131	1
13	131	3
17	131	3
39	131	3
13	132	3
0	133	5
4	133	5
31	133	5
12	134	0
1	135	4
25	135	4
9	136	2
20	136	6
8	137	0
21	137	0
31	137	0
33	137	0
12	138	6
24	138	4
28	138	4
39	139	6
3	140	2
6	140	2
12	140	2
28	140	2
3	141	3
14	141	0
9	142	3
35	142	5
9	143	2
13	143	2
21	143	2
31	143	2
38	143	2
34	144	5
39	144	3
4	145	1
9	145	1
25	145	6
30	145	5
23	146	3
12	147	6
8	148	5
16	148	5
0	149	4
35	149	4
15	150	0
20	150	5
3	151	5
15	151	1
35	151	1
14	152	6
15	152	5
21	152	5
34	152	6
18	153	4
23	153	4
0	154	2
11	154	2
13	154	2
39	154	2
6	155	5
14	155	0
23	155	5
0	156	6
8	156	6
15	156	6
34	157	2
11	158	5
3	159	5
9	160	3
4	161	3
34	161	3
25	162	6
29	162	6
36	162	6
6	163	5
8	163	5
36	163	3
6	164	1
9	164	1
34	164	0
36	164	0
4	165	1
19	165	1
21	165	1
36	165	3
26	166	2
19	167	4
0	168	3
5	168	3
4	169	4
0	170	3
15	170	3
5	171	3
22	171	3
28	171	3
6	172	6
17	173	2
31	173	2
5	174	2
19	174	3
0	175	5
23	175	5
9	176	1
39	176	6
35	177	1
1	178	0
39	178	4
4	179	4
30	180	5
32	180	5
0	181	0
3	181	0
14	181	0
31	182	3
5	183	5
10	183	5
14	183	6
17	183	3
35	183	2
22	184	1
36	184	1
6	185	1
13	185	3
28	185	1
13	186	2
19	186	3
0	187	4
21	187	4
21	188	3
15	189	0
31	189	0
30	190	4
25	191	4
28	191	6
15	192	6
18	192	6
20	192	6
13	193	5
31	193	0
37	193	0
23	194	0
36	194	6
3	195	1
18	195	5
31	196	2
34	196	2
36	196	2
24	197	6
16	198	4
34	199	5
3	200	2
15	200	0
29	200	3
30	200	0
28	201	4
15	202	2
25	203	4
1	204	6
14	204	0
19	204	6
23	205	5
25	205	5
0	206	1
29	206	1
33	206	5
39	207	6
19	208	5
0	209	0
19	209	0
5	210	5
23	210	5
29	211	2
5	212	6
28	212	6
35	212	6
0	213	1
39	213	1
5	214	2
19	214	6
28	214	6
31	214	2
3	215	1
23	215	4
25	215	0
36	215	4
36	216	4
9	217	0
15	217	0
13	218	5
31	218	5
11	219	4
25	219	4
29	219	4
14	220	2
18	220	5
5	221	3
13	221	5
15	222	4
25	222	0
6	223	1
15	223	0
28	223	0
34	224	0
38	224	3
34	225	4
10	226	4
11	227	5
38	227	3
36	228	5
1	229	1
15	229	6
28	229	3
36	229	1
18	230	2
31	231	1
0	232	4
5	232	1
7	232	6
13	232	4
0	233	4
4	233	4
36	233	4
23	234	5
31	234	4
36	234	1
38	234	5
17	235	5
9	236	6
14	236	6
23	236	3
25	236	0
16	237	2
33	238	3
11	239	3
0	240	0
5	240	6
23	240	1
29	240	6
4	241	2
22	241	4
21	242	1
23	242	1
34	243	3
37	243	3
37	244	2
12	245	3
15	245	2
14	246	1
7	247	0
13	248	5
28	249	5
4	250	0
5	250	0
14	250	0
29	250	0
34	250	0
1	251	6
21	251	6
29	251	6
38	251	6
21	252	3
13	253	0
20	253	4
30	253	4
18	254	1
23	254	6
29	254	6
11	255	4
13	255	4
15	255	4
20	256	1
35	256	1
27	257	4
23	258	5
25	258	2
39	258	2
18	259	5
19	259	4
28	259	4
0	260	4
6	260	5
5	261	5
18	261	6
29	261	6
30	261	1
34	261	2
36	261	2
4	262	2
15	262	2
32	263	5
19	264	3
21	265	4
1	266	3
0	267	5
20	267	0
29	267	3
36	267	2
0	268	2
3	268	2
15	268	2
0	269	5
3	269	5
15	269	4
21	269	5
39	269	5
6	270	5
13	270	2
0	271	1
15	271	1
13	272	0
28	272	0
4	273	3
30	273	3
2	274	5
15	274	5
21	275	3
31	276	1
34	276	1
11	277	5
20	277	5
21	277	5
32	278	0
1	279	6
6	279	4
17	279	3
18	279	1
3	280	4
39	280	4
19	281	3
25	281	2
35	281	2
0	282	6
12	282	6
1	283	5
13	283	4
14	283	0
19	283	0
30	283	3
34	283	0
5	284	1
17	284	1
35	284	0
30	285	5
20	286	6
2	287	4
25	287	1
22	288	1
33	288	1
4	289	4
6	289	3
13	289	6
34	289	3
5	290	3
14	290	3
30	290	3
34	290	3
38	290	6
30	291	3
31	292	1
29	293	5
3	294	4
30	294	4
6	295	6
15	295	6
21	295	6
36	295	5
0	296	4
15	296	4
25	297	6
10	298	6
0	299	5
4	299	5
38	299	3
8	300	5
23	300	5
29	300	3
36	300	4
9	301	6
35	301	3
36	301	6
12	302	4
30	303	6
39	304	6
6	305	4
35	306	1
22	307	1
23	307	5
29	307	1
4	308	5
33	308	2
4	309	3
25	309	3
3	310	3
21	310	3
35	310	1
4	311	5
36	311	5
39	312	6
3	313	0
30	313	0
19	314	5
36	314	5
37	314	2
5	315	2
6	315	3
25	315	6
28	315	6
39	315	6
21	316	5
23	316	4
29	316	5
36	316	5
16	317	6
28	318	6
17	319	6
35	319	5
24	320	5
36	320	6
23	321	0
1	322	6
22	322	6
30	322	4
15	323	6
29	323	3
32	324	3
4	325	2
38	325	5
34	326	0
3	327	0
10	327	3
12	327	0
19	328	0
21	328	0
9	329	4
23	329	4
2	330	5
8	331	3
39	331	0
15	332	3
18	332	3
28	332	3
19	333	6
20	333	6
15	334	4
25	334	4
33	334	1
36	335	6
31	336	0
5	337	4
12	337	4
15	337	4
29	337	3
31	337	4
32	337	6
35	337	3
37	337	1
12	338	1
39	338	4
0	339	0
30	339	0
36	339	0
16	340	0
29	341	1
14	342	4
23	342	2
0	343	6
19	343	0
28	343	6
30	343	6
32	343	6
19	344	6
23	344	6
3	345	0
10	345	4
19	345	4
30	345	6
19	346	4
30	346	6
34	346	4
35	346	5
1	347	0
9	347	0
0	348	2
18	348	6
23	348	2
35	348	6
5	349	1
19	349	1
5	350	3
38	350	3
11	351	2
38	351	2
18	352	5
30	352	5
34	352	5
20	353	4
34	354	1
19	355	3
30	355	1
34	355	3
36	355	3
31	356	6
35	357	6
36	357	5
14	358	2
14	359	5
18	359	5
37	359	6
29	360	1
11	361	5
28	361	1
36	362	5
18	363	0
30	363	1
1	364	6
36	364	6
37	364	2
25	365	5
8	366	1
18	366	1
5	367	2
29	367	1
9	368	2
28	368	2
6	369	4
11	369	4
29	369	3
32	369	4
28	370	1
30	370	1
11	371	2
16	371	5
30	372	3
39	372	3
39	373	1
11	374	2
35	374	5
38	374	0
5	375	5
39	375	5
17	376	6
20	377	0
35	377	0
0	378	5
35	379	6
8	380	5
23	380	5
31	380	4
6	381	6
35	381	6
21	382	2
25	382	5
30	382	6
31	382	2
0	383	2
29	384	1
6	385	2
18	386	0
1	387	5
36	387	2
37	387	6
5	388	0
9	388	1
32	388	0
4	389	0
11	389	0
25	389	5
28	389	0
4	390	1
0	391	1
4	391	1
5	391	1
21	392	2
28	392	0
23	393	4
33	393	4
36	393	3
17	394	3
38	395	2
31	396	0
36	396	0
14	397	3
5	398	4
28	398	4
31	398	4
36	398	4
9	399	5
36	399	5
6	400	2
31	400	1
33	400	0
0	401	6
25	401	6
35	401	6
14	402	6
21	403	1
36	403	2
14	404	1
9	405	0
29	405	0
33	405	1
21	406	5
0	407	3
16	407	3
28	407	3
34	407	3
36	407	3
38	407	3
0	408	6
5	409	0
24	409	1
35	409	1
38	409	0
25	410	5
31	410	4
0	411	2
25	411	2
3	412	2
23	413	4
14	414	0
29	414	0
39	414	0
11	415	0
36	415	1
4	416	1
16	416	1
34	416	4
15	417	5
25	418	2
15	419	5
23	419	5
30	419	5
36	419	3
23	420	5
6	421	3
15	422	4
21	422	4
38	422	4
11	423	3
12	423	5
28	423	3
36	423	3
11	424	6
25	424	5
28	424	6
15	425	6
11	426	6
18	426	6
33	426	6
11	427	0
28	427	0
29	427	3
4	428	2
15	428	2
11	429	1
20	429	4
25	429	4
28	429	4
34	429	0
14	430	3
36	430	6
12	431	0
20	431	0
21	431	0
2	432	6
13	432	1
30	432	1
39	432	1
18	433	4
0	434	0
3	435	6
30	435	6
31	435	6
32	436	0
9	437	3
0	438	6
18	439	6
9	440	0
13	440	5
28	440	0
35	440	0
5	441	1
12	441	5
21	441	5
25	441	5
36	441	1
32	442	3
25	443	1
5	444	4
6	444	3
12	445	0
1	446	5
0	447	3
35	447	5
36	447	3
11	448	0
35	449	5
5	450	4
14	450	4
19	450	4
29	450	4
5	451	4
6	452	5
19	452	1
30	452	1
34	452	2
5	453	0
17	453	0
18	453	2
29	453	1
13	454	5
28	455	3
20	456	4
9	457	2
13	457	3
24	457	6
28	457	4
20	458	3
28	458	4
39	459	5
25	460	2
17	461	4
30	461	4
0	462	1
6	462	1
9	463	0
11	463	0
19	463	5
0	464	2
25	464	2
38	465	4
4	466	5
21	466	2
25	466	2
25	467	0
28	468	5
19	469	3
25	469	0
32	470	2
0	471	3
13	471	5
14	471	5
32	471	3
3	472	5
21	473	1
23	474	4
11	475	0
33	475	0
39	475	0
34	476	4
8	477	3
28	477	3
33	477	3
8	478	3
35	478	3
39	479	4
1	480	0
18	480	3
23	480	1
30	480	3
9	481	4
21	481	4
3	482	5
9	482	0
1	483	3
13	484	2
19	484	5
22	484	6
23	484	6
25	484	1
0	485	6
31	485	6
38	485	0
39	485	6
33	486	0
23	487	3
28	487	1
36	487	0
18	488	6
21	488	6
16	489	1
9	490	0
4	491	6
5	491	4
29	491	6
30	491	6
0	492	5
5	492	5
25	492	3
30	492	6
21	493	4
19	494	5
21	494	5
7	495	3
6	496	2
8	496	1
21	496	1
30	496	1
36	496	1
38	497	4
36	498	5
0	499	2
5	499	2
23	499	3
24	499	3
7	500	2
10	501	0
3	502	5
6	503	6
13	504	2
11	505	4
36	506	2
38	507	1
13	508	3
34	509	1
0	510	0
21	511	2
28	511	2
30	511	2
28	512	4
36	512	4
36	513	0
2	514	1
34	514	1
38	514	4
0	515	6
16	516	1
30	517	3
39	517	3
25	518	4
29	518	4
5	519	1
13	520	0
31	520	3
32	520	3
21	521	3
9	522	1
31	522	1
32	522	3
39	522	1
9	523	2
13	523	2
31	523	2
11	524	2
0	525	4
6	526	6
28	526	6
38	526	4
39	526	6
3	527	4
39	527	1
5	528	1
15	528	1
36	528	3
26	529	5
13	530	2
36	530	3
34	531	5
4	532	6
36	533	2
14	534	2
8	535	5
20	536	2
39	536	2
31	537	6
0	538	2
4	538	0
13	539	2
30	539	2
25	540	4
35	540	4
23	541	0
0	542	6
34	542	6
4	543	0
24	543	4
4	544	0
9	544	0
34	544	0
36	544	4
11	545	4
14	545	6
35	546	4
36	546	5
0	547	2
33	548	6
13	549	1
20	550	2
39	551	1
6	552	3
23	552	3
25	552	3
29	552	3
38	552	3
37	553	0
3	554	0
13	554	4
15	555	6
16	555	6
39	556	3
9	557	2
4	558	5
3	559	1
13	559	1
30	559	1
31	559	1
35	559	1
0	560	2
6	560	2
29	560	2
34	561	4
20	562	3
28	562	3
29	562	3
21	563	5
23	563	5
28	563	5
6	564	1
9	564	6
1	565	5
19	566	3
20	566	2
25	566	3
34	566	6
0	567	3
5	567	0
30	567	0
4	568	0
15	568	0
34	568	2
35	568	0
29	569	1
29	570	1
34	570	1
0	571	0
11	571	0
15	571	0
21	571	0
28	571	0
25	572	2
11	573	4
29	573	0
35	573	4
39	574	3
1	575	3
31	575	3
34	575	0
38	576	0
6	577	0
0	578	6
33	579	6
13	580	4
11	581	3
34	582	4
14	583	2
15	583	2
5	584	3
17	585	1
16	586	5
35	586	2
38	586	5
0	587	1
9	587	1
14	587	1
19	587	1
21	587	1
19	588	3
20	589	0
29	589	0
30	589	0
5	590	6
4	591	1
25	592	6
29	592	2
37	592	1
6	593	4
15	593	4
23	593	6
0	594	1
3	594	1
30	594	1
0	595	2
5	595	5
29	595	5
34	595	5
36	596	3
11	597	2
25	597	2
28	597	2
19	598	5
30	598	5
31	598	5
24	599	2
4	600	2
25	600	0
25	601	6
18	602	2
19	602	6
0	603	3
11	603	3
23	603	3
24	603	3
15	604	5
25	604	5
6	605	3
13	605	4
36	605	3
3	606	5
14	606	6
18	607	1
30	607	0
0	608	5
35	608	5
22	609	4
19	610	4
28	610	2
13	611	2
30	612	2
12	613	3
21	613	5
30	613	4
30	614	3
10	615	4
11	616	1
2	617	2
19	617	2
0	618	0
9	618	0
34	618	0
35	618	1
39	618	0
11	619	6
31	619	4
30	620	1
31	621	2
3	622	3
2	623	5
3	623	2
9	623	5
28	623	5
28	624	0
21	625	4
35	625	4
39	625	4
21	626	3
30	626	3
13	627	1
25	627	1
38	627	1
4	628	2
6	628	2
36	628	2
38	629	0
15	630	6
31	630	2
0	631	4
1	631	0
3	632	0
6	633	5
23	634	6
25	634	6
37	634	3
9	635	6
30	635	6
15	636	4
31	636	5
12	637	2
20	638	2
21	638	1
30	638	1
36	638	6
25	639	2
31	639	1
39	639	1
0	640	2
19	640	2
4	641	1
9	641	5
33	642	0
13	643	4
35	643	2
36	643	4
6	644	1
15	644	5
25	644	3
30	644	1
34	644	1
30	645	2
30	646	5
23	647	4
18	648	6
35	648	6
4	649	1
15	649	1
28	649	1
35	649	1
29	650	4
0	651	1
24	652	0
30	652	0
8	653	4
3	654	6
5	654	5
25	654	5
30	654	5
25	655	1
31	655	1
39	655	1
5	656	6
10	656	6
0	657	0
31	657	0
21	658	0
33	658	0
1	659	0
25	659	0
28	659	0
4	660	6
21	660	4
0	661	5
21	661	5
31	661	2
19	662	3
28	662	3
29	662	1
4	663	4
5	663	4
30	663	4
21	664	2
3	665	3
3	666	6
21	666	6
23	666	2
25	666	6
39	666	6
19	667	1
9	668	0
9	669	2
35	669	2
37	669	6
13	670	0
39	670	2
0	671	6
25	671	0
11	672	0
14	672	0
37	672	5
14	673	2
18	673	3
19	673	3
32	673	3
34	673	0
9	674	5
28	674	4
14	675	3
0	676	3
17	676	3
30	677	2
0	678	0
31	678	3
5	679	5
30	679	5
18	680	2
25	680	2
30	680	4
23	681	4
31	682	5
15	683	0
29	683	2
35	683	0
18	684	3
21	684	3
5	685	3
12	686	2
15	686	2
6	687	3
24	688	0
30	688	0
3	689	3
13	689	5
24	690	3
29	690	3
4	691	1
23	691	0
36	691	2
36	692	1
33	693	4
39	693	0
5	694	5
30	694	5
0	695	6
34	695	6
36	695	2
1	696	2
5	696	2
28	696	2
5	697	0
12	698	3
5	699	1
24	700	4
30	700	4
21	701	2
36	702	6
14	703	3
34	704	6
39	705	3
0	706	6
11	706	6
22	706	6
29	706	6
36	706	3
5	707	6
32	707	6
18	708	0
30	708	3
38	708	0
37	709	2
35	710	2
1	711	0
9	712	1
22	712	1
30	712	1
1	713	5
30	713	5
39	714	3
10	715	3
5	716	5
20	716	4
9	717	4
15	717	4
19	717	4
35	717	0
0	718	5
37	719	4
31	720	3
34	720	3
29	721	0
36	721	0
15	722	1
33	722	4
13	723	2
20	723	2
21	723	0
39	723	2
5	724	0
30	724	4
34	724	4
4	725	0
9	725	0
18	726	4
32	726	2
17	727	2
33	728	0
25	729	4
29	729	0
4	730	1
12	731	0
12	732	5
6	733	4
11	733	3
36	733	1
18	734	3
35	734	4
13	735	2
14	735	2
18	735	3
20	735	2
0	736	0
21	736	0
23	736	2
28	736	0
29	736	0
35	736	0
13	737	4
28	737	4
28	738	1
35	738	4
37	738	6
10	739	4
2	740	3
25	740	3
30	740	3
1	741	3
4	742	5
25	742	5
36	742	5
4	743	5
39	743	4
23	744	5
29	744	5
15	745	2
24	745	1
31	745	1
32	745	5
0	746	6
6	746	5
9	746	2
32	746	2
38	746	5
3	747	5
9	748	3
14	748	0
15	748	5
36	748	0
5	749	2
6	749	2
30	749	2
38	749	5
6	750	4
8	750	2
21	750	2
21	751	1
23	751	2
1	752	3
21	752	1
31	752	1
3	753	6
11	753	6
28	753	4
35	753	5
0	754	4
29	755	3
35	755	3
11	756	6
14	756	5
20	756	4
14	757	6
23	757	6
30	757	5
39	757	6
35	758	6
37	758	6
9	759	2
21	760	3
30	760	3
38	761	4
28	762	6
6	763	1
8	763	1
21	763	1
6	764	3
25	764	6
29	765	5
3	766	1
21	767	5
38	767	5
12	768	1
25	768	3
36	768	1
23	769	5
20	770	1
35	770	6
36	770	6
4	771	4
9	771	3
14	771	2
18	771	2
38	771	4
6	772	2
20	772	2
6	773	6
23	773	3
38	773	6
39	773	0
29	774	2
29	775	0
36	775	6
1	776	2
5	776	2
15	776	1
0	777	5
6	778	3
17	778	0
5	779	5
6	779	2
11	779	2
22	779	2
2	780	1
4	780	5
9	780	1
11	780	1
12	780	5
15	780	1
0	781	5
4	781	3
36	781	6
16	782	0
21	782	0
23	783	6
24	783	5
25	784	0
28	784	3
5	785	5
28	785	5
29	785	5
6	786	6
14	787	5
5	788	2
21	788	2
23	788	2
30	788	2
26	789	5
13	790	2
25	790	2
25	791	1
28	791	1
30	791	1
1	792	4
31	793	3
39	794	4
22	795	1
38	795	1
21	796	0
23	796	0
13	797	6
9	798	6
21	798	6
39	798	6
0	799	1
23	799	0
19	800	1
0	801	4
11	801	4
38	801	0
30	802	3
31	802	3
36	802	0
10	803	6
11	804	3
34	804	3
15	805	6
17	805	6
30	805	6
0	806	3
39	806	2
18	807	4
39	807	2
13	808	5
19	808	5
30	808	5
5	809	6
15	809	6
30	809	6
31	809	5
36	809	6
3	810	2
12	810	1
21	810	2
23	810	2
0	811	4
12	811	4
25	811	3
30	811	4
25	812	4
6	813	0
9	813	4
21	813	4
30	813	4
25	814	0
7	815	3
21	816	2
36	816	1
11	817	3
21	817	2
32	818	2
3	819	1
36	820	2
0	821	5
0	822	6
4	822	6
5	822	6
14	822	6
19	822	6
3	823	2
27	824	6
0	825	4
28	826	3
3	827	0
11	828	1
19	829	4
1	830	3
29	830	1
19	831	3
28	831	3
23	832	3
6	833	5
11	833	2
15	833	5
16	834	5
20	834	5
30	834	4
12	835	2
22	836	3
30	836	3
0	837	5
21	837	5
25	837	5
35	838	2
19	839	5
21	839	5
32	839	3
0	840	3
6	840	1
31	840	6
39	840	3
29	841	4
21	842	6
31	842	6
11	843	1
6	844	5
20	844	3
21	844	3
25	844	2
29	844	0
17	845	4
35	846	3
28	847	6
29	847	6
6	848	0
28	848	0
35	848	0
6	849	3
11	849	0
13	849	1
29	849	1
9	850	3
20	850	0
38	850	3
5	851	4
19	852	5
20	852	0
30	853	3
0	854	3
18	854	3
29	854	3
36	854	0
0	855	6
28	856	1
15	857	4
4	858	2
3	859	2
13	859	6
14	859	1
19	859	6
25	859	6
38	859	5
23	860	1
35	860	3
13	861	1
15	862	5
23	862	1
31	862	6
4	863	0
3	864	4
5	864	1
19	864	1
21	864	1
28	864	1
1	865	0
23	865	0
4	866	2
30	866	5
36	866	5
3	867	3
6	867	3
13	867	3
30	867	3
35	867	3
8	868	1
20	868	1
21	868	1
5	869	1
13	869	1
30	870	1
35	870	6
12	871	4
15	871	4
30	871	4
0	872	4
29	872	0
30	872	6
0	873	5
6	873	5
20	873	5
25	873	3
5	874	6
38	874	6
17	875	6
0	876	4
3	876	4
8	876	4
29	876	4
35	877	2
9	878	4
20	878	5
28	878	6
9	879	0
14	879	2
18	879	4
30	879	0
3	880	6
9	880	6
28	880	6
6	881	1
14	881	1
21	881	1
30	881	1
5	882	1
11	882	4
6	883	6
12	883	6
18	883	6
25	883	6
29	883	3
30	883	6
3	884	1
21	885	2
28	885	6
35	886	4
6	887	0
9	887	0
31	888	4
34	888	1
38	888	4
9	889	4
11	890	2
5	891	2
29	891	2
29	892	5
6	893	1
10	894	5
15	894	3
30	894	5
29	895	6
12	896	5
13	896	5
19	896	2
30	896	1
32	896	5
37	896	5
11	897	3
34	897	2
23	898	3
25	898	3
31	898	6
32	898	2
0	899	5
11	899	0
11	900	4
14	900	1
31	900	4
4	901	2
25	901	2
24	902	1
21	903	2
5	904	4
21	905	6
23	905	6
37	905	4
0	906	1
23	906	1
11	907	6
28	907	6
39	907	6
0	908	5
38	908	5
26	909	6
19	910	3
20	910	3
28	910	5
30	910	5
31	910	6
3	911	3
14	911	1
30	911	1
19	912	6
18	913	4
20	913	5
38	914	6
11	915	5
17	915	5
39	915	5
0	916	2
27	917	5
13	918	5
38	918	1
28	919	5
0	920	3
9	920	3
18	920	3
19	920	2
28	920	3
31	920	3
18	921	2
36	921	1
0	922	2
1	922	0
9	922	0
30	922	2
31	923	2
21	924	2
39	924	2
23	925	5
5	926	3
21	926	0
0	927	6
14	927	6
28	927	6
35	927	5
12	928	6
13	929	2
25	929	1
34	929	2
1	930	0
13	931	3
15	932	6
21	932	6
23	932	6
30	932	6
39	932	6
15	933	4
1	934	4
10	934	3
22	934	0
38	934	3
6	935	2
0	936	0
34	936	0
18	937	1
34	937	1
21	938	0
15	939	3
16	939	3
29	939	4
34	939	3
2	940	5
5	940	5
21	940	3
31	940	5
29	941	0
3	942	0
25	942	5
38	942	5
11	943	0
31	943	1
14	944	1
24	945	3
34	945	4
9	946	1
6	947	0
12	947	3
15	947	1
0	948	6
6	948	1
4	949	2
6	949	3
24	949	4
9	950	4
19	950	3
28	950	1
35	950	0
35	951	4
6	952	2
10	952	2
29	952	2
6	953	4
35	953	3
3	954	2
31	954	0
35	954	2
36	954	3
0	955	5
12	956	0
6	957	0
28	957	6
21	958	4
28	958	4
0	959	6
14	959	6
15	959	6
25	959	6
28	959	6
21	960	6
23	960	3
36	960	3
15	961	1
28	961	1
39	961	1
13	962	3
35	962	4
5	963	0
4	964	6
39	965	1
3	966	2
11	966	1
36	966	2
31	967	0
36	967	0
14	968	1
28	968	1
30	968	1
13	969	2
18	969	2
23	969	2
33	969	2
18	970	4
31	970	5
34	971	2
35	971	4
15	972	5
16	972	2
23	972	1
0	973	5
19	973	5
25	973	5
29	973	5
0	974	1
5	974	2
3	975	2
8	975	2
12	975	2
15	976	2
29	976	2
9	977	6
3	978	4
25	978	2
36	978	5
15	979	5
32	979	5
15	980	0
35	981	1
0	982	3
14	982	3
35	982	3
0	983	4
4	983	4
14	983	4
0	984	6
22	984	6
28	984	6
35	984	6
5	985	1
15	986	0
23	986	6
16	987	1
19	987	1
20	987	1
23	987	1
14	988	2
19	989	2
34	989	2
6	990	1
13	990	6
18	990	1
34	990	1
18	991	3
28	991	0
34	992	4
0	993	2
13	993	1
15	994	6
21	994	6
29	994	6
11	995	1
35	995	1
38	995	1
39	995	1
30	996	5
0	997	1
28	998	6
12	999	3
21	999	1
22	999	1
36	1000	1
38	1000	4
34	1001	2
2	1002	6
34	1003	4
39	1003	3
15	1004	3
39	1004	5
34	1005	5
21	1006	3
31	1006	3
38	1007	5
19	1008	5
35	1008	6
39	1008	6
3	1009	0
25	1009	0
34	1009	0
39	1009	0
15	1010	1
31	1010	1
28	1011	2
35	1011	2
32	1012	1
35	1012	0
36	1012	3
18	1013	0
28	1013	6
9	1014	1
13	1014	0
30	1014	1
3	1015	2
28	1015	0
31	1015	2
11	1016	4
29	1016	0
36	1016	0
21	1017	0
29	1017	4
11	1018	5
14	1018	5
23	1018	5
25	1018	6
19	1019	3
21	1019	3
25	1019	3
39	1019	3
0	1020	5
15	1020	5
18	1020	5
4	1021	6
23	1021	6
30	1021	4
29	1022	5
1	1023	1
4	1024	6
31	1024	6
35	1025	4
19	1026	0
30	1026	0
36	1026	0
15	1027	5
23	1028	3
35	1028	4
23	1029	6
36	1029	6
38	1029	3
14	1030	1
28	1030	1
30	1030	1
31	1030	1
36	1030	1
38	1030	1
0	1031	6
29	1031	6
34	1031	3
39	1032	0
3	1033	4
30	1033	4
34	1033	6
6	1034	4
28	1034	4
38	1034	6
9	1035	6
12	1035	4
30	1035	4
3	1036	4
18	1036	4
31	1036	4
39	1036	6
3	1037	2
6	1037	2
12	1037	2
14	1037	5
19	1038	1
4	1039	2
31	1039	2
39	1039	4
13	1040	6
22	1040	6
25	1040	6
28	1040	6
39	1040	6
18	1041	1
28	1042	0
35	1042	0
9	1043	2
32	1043	2
11	1044	6
13	1044	1
32	1044	1
9	1045	1
11	1045	5
29	1045	1
30	1045	6
1	1046	1
2	1046	5
13	1047	0
34	1047	3
28	1048	1
17	1049	5
3	1050	6
5	1051	3
25	1051	3
28	1051	3
35	1051	3
14	1052	6
34	1053	3
6	1054	4
18	1054	0
19	1054	4
16	1055	4
21	1056	1
28	1056	6
33	1056	5
39	1056	1
20	1057	6
1	1058	3
35	1058	3
4	1059	6
5	1059	1
11	1059	1
31	1059	1
6	1060	0
25	1060	2
23	1061	5
34	1061	5
11	1062	6
13	1062	6
16	1062	6
20	1062	2
30	1062	6
10	1063	4
29	1063	0
30	1063	2
31	1063	2
9	1064	3
28	1064	3
31	1064	2
32	1064	3
3	1065	4
21	1065	4
38	1065	5
5	1066	3
38	1066	3
13	1067	6
28	1067	0
39	1067	6
4	1068	3
35	1068	3
39	1068	3
5	1069	6
9	1069	6
13	1070	2
14	1070	0
5	1071	1
28	1071	6
0	1072	0
30	1072	6
3	1073	1
6	1073	4
23	1073	0
30	1073	0
19	1074	3
23	1074	4
29	1074	2
15	1075	1
20	1075	1
3	1076	2
13	1076	1
4	1077	1
2	1078	5
21	1079	3
5	1080	0
23	1080	0
35	1080	3
1	1081	0
8	1081	0
39	1081	0
23	1082	1
38	1082	1
2	1083	1
1	1084	4
12	1085	5
0	1086	4
21	1086	4
25	1087	4
30	1087	4
31	1087	4
39	1087	4
13	1088	2
29	1089	4
31	1089	4
14	1090	5
21	1090	5
5	1091	5
25	1092	4
32	1093	3
12	1094	4
15	1094	3
35	1094	4
15	1095	0
27	1095	5
34	1095	6
15	1096	5
28	1096	5
35	1096	2
36	1096	5
13	1097	6
15	1097	0
7	1098	1
28	1099	2
25	1100	1
2	1101	4
9	1102	2
29	1102	2
34	1102	4
38	1102	2
22	1103	4
36	1103	4
0	1104	6
17	1104	2
32	1104	6
13	1105	5
21	1105	5
13	1106	2
14	1106	2
21	1106	3
11	1107	6
18	1108	5
30	1108	5
21	1109	6
38	1109	6
0	1110	2
19	1110	2
23	1111	3
31	1111	1
29	1112	0
5	1113	6
5	1114	1
25	1114	1
29	1115	1
6	1116	3
30	1116	3
31	1116	1
33	1116	3
1	1117	2
5	1117	2
6	1117	2
23	1117	2
24	1117	2
2	1118	5
3	1118	5
30	1118	4
35	1118	5
38	1118	5
39	1118	5
21	1119	6
30	1120	0
1	1121	1
9	1121	4
14	1122	1
13	1123	5
15	1124	4
17	1124	3
30	1124	4
39	1124	4
13	1125	3
4	1126	5
38	1126	1
12	1127	1
13	1127	5
34	1127	5
39	1127	1
29	1128	5
30	1128	5
35	1128	5
38	1128	5
9	1129	2
9	1130	3
39	1130	3
25	1131	1
29	1131	2
3	1132	2
17	1133	2
23	1134	0
25	1134	5
29	1134	5
6	1135	5
23	1135	5
32	1135	6
12	1136	2
39	1136	1
3	1137	2
21	1137	2
25	1137	2
3	1138	0
11	1138	2
20	1138	2
20	1139	4
25	1139	4
28	1139	4
16	1140	6
16	1141	4
23	1141	6
28	1141	1
23	1142	5
35	1142	5
8	1143	1
30	1143	6
21	1144	6
13	1145	2
19	1145	2
25	1146	2
9	1147	2
35	1147	5
38	1148	4
39	1148	4
9	1149	2
14	1149	1
25	1149	1
30	1149	1
33	1149	1
37	1149	1
21	1150	3
23	1150	3
22	1151	2
29	1151	2
14	1152	0
17	1152	3
28	1152	0
30	1152	4
34	1152	0
30	1153	3
6	1154	1
11	1154	3
15	1154	6
39	1154	6
21	1155	6
34	1155	6
6	1156	3
20	1156	3
23	1156	6
28	1156	3
34	1156	5
9	1157	3
15	1157	6
24	1157	6
36	1157	6
0	1158	2
9	1158	2
20	1158	2
30	1159	4
39	1159	4
36	1160	0
11	1161	3
21	1161	2
30	1161	2
36	1161	3
38	1161	2
37	1162	2
19	1163	1
21	1163	1
23	1163	1
28	1163	6
36	1163	1
4	1164	2
9	1164	3
29	1164	5
5	1165	3
23	1165	3
30	1165	3
34	1165	6
38	1165	3
9	1166	3
31	1166	3
8	1167	4
39	1168	1
20	1169	1
31	1169	1
13	1170	2
11	1171	4
38	1171	4
6	1172	6
15	1172	6
19	1172	6
7	1173	1
16	1173	1
18	1173	1
14	1174	6
28	1174	6
14	1175	0
15	1175	0
32	1175	0
36	1175	0
25	1176	3
31	1176	2
31	1177	3
13	1178	6
16	1178	4
24	1178	6
28	1178	6
23	1179	1
21	1180	4
26	1181	2
3	1182	0
4	1182	0
6	1182	0
39	1182	0
16	1183	1
23	1183	1
25	1183	1
29	1184	6
35	1185	4
0	1186	1
15	1186	1
21	1187	1
23	1187	5
25	1187	5
31	1187	5
0	1188	2
6	1188	2
12	1188	2
8	1189	0
14	1189	6
11	1190	0
0	1191	5
4	1191	5
18	1191	2
36	1191	3
28	1192	2
10	1193	6
31	1193	2
35	1193	1
31	1194	2
0	1195	0
28	1196	0
31	1196	0
37	1196	0
5	1197	5
22	1197	5
28	1197	1
32	1198	4
18	1199	3
0	1200	0
9	1200	0
14	1200	4
21	1201	6
25	1202	2
29	1202	0
0	1203	1
14	1203	6
31	1203	1
20	1204	4
35	1204	4
4	1205	2
23	1205	3
30	1205	2
9	1206	6
23	1206	6
30	1207	2
3	1208	1
9	1208	1
13	1208	4
19	1208	2
0	1209	0
4	1209	2
19	1209	0
37	1209	2
0	1210	2
39	1210	2
1	1211	5
4	1211	5
12	1211	3
17	1211	3
21	1211	5
11	1212	2
30	1212	4
36	1212	6
36	1213	3
0	1214	0
28	1214	0
31	1214	0
22	1215	0
12	1216	2
29	1216	3
36	1216	0
20	1217	1
32	1217	0
39	1217	0
21	1218	0
31	1219	0
4	1220	6
6	1220	6
23	1220	5
29	1220	6
31	1220	6
29	1221	2
36	1221	6
8	1222	3
31	1222	2
36	1222	3
31	1223	2
32	1223	2
9	1224	6
33	1224	5
38	1225	0
11	1226	6
31	1226	3
36	1227	4
3	1228	2
12	1228	0
31	1228	5
15	1229	1
28	1229	1
34	1229	1
29	1230	5
36	1230	1
0	1231	0
36	1231	0
0	1232	3
8	1232	3
25	1233	5
8	1234	5
23	1234	0
0	1235	0
39	1235	0
12	1236	0
31	1236	0
0	1237	2
30	1237	2
32	1237	4
36	1237	4
39	1237	2
10	1238	5
13	1238	6
15	1239	6
28	1239	3
15	1240	0
21	1240	0
1	1241	1
3	1241	1
20	1241	1
23	1241	1
22	1242	6
1	1243	3
35	1243	3
31	1244	3
37	1244	3
0	1245	1
4	1245	4
15	1245	1
39	1245	1
5	1246	1
12	1246	6
25	1246	1
1	1247	2
4	1247	0
30	1247	0
34	1247	0
35	1247	0
1	1248	6
35	1248	6
15	1249	6
21	1249	6
30	1249	6
36	1249	4
39	1249	6
4	1250	6
15	1251	4
32	1251	4
5	1252	5
10	1252	5
30	1252	5
14	1253	4
34	1253	4
36	1253	4
25	1254	1
9	1255	2
20	1255	4
4	1256	4
6	1256	4
30	1256	4
38	1257	4
6	1258	4
20	1258	0
6	1259	3
18	1259	2
35	1260	6
39	1260	6
3	1261	6
16	1261	6
35	1261	6
39	1261	6
13	1262	5
14	1262	2
15	1262	5
23	1262	5
28	1262	5
32	1263	6
8	1264	5
5	1265	2
11	1266	1
12	1266	5
14	1266	2
35	1266	5
0	1267	0
6	1267	0
5	1268	4
22	1268	4
16	1269	3
21	1270	6
25	1270	6
32	1270	5
3	1271	0
17	1271	2
18	1271	2
36	1271	2
5	1272	0
25	1272	5
31	1272	0
8	1273	3
14	1273	3
15	1273	3
35	1273	1
12	1274	4
23	1275	0
30	1275	0
35	1275	4
0	1276	3
21	1276	3
19	1277	3
0	1278	6
1	1278	6
31	1278	6
20	1279	5
31	1279	5
6	1280	0
6	1281	5
28	1281	6
29	1282	2
35	1282	5
12	1283	6
9	1284	0
30	1284	0
8	1285	1
5	1286	2
23	1286	2
31	1286	2
38	1286	2
18	1287	3
21	1287	3
39	1287	3
35	1288	3
9	1289	3
21	1289	3
15	1290	2
38	1290	6
30	1291	1
5	1292	1
27	1293	4
1	1294	4
6	1295	5
23	1296	5
30	1296	5
31	1296	5
35	1296	5
5	1297	5
37	1297	0
15	1298	3
5	1299	1
39	1299	0
18	1300	3
23	1300	3
30	1300	3
38	1300	3
19	1301	1
38	1301	1
3	1302	0
5	1302	0
14	1302	1
15	1302	0
16	1302	0
23	1302	0
29	1302	4
3	1303	6
30	1303	4
35	1303	6
36	1303	6
5	1304	6
9	1304	6
28	1304	6
5	1305	0
4	1306	5
6	1307	2
9	1307	2
15	1307	6
31	1307	0
36	1308	0
37	1308	2
6	1309	2
30	1309	2
23	1310	6
4	1311	1
9	1312	3
19	1312	6
30	1313	2
30	1314	1
5	1315	3
30	1315	3
26	1316	2
16	1317	0
1	1318	5
21	1318	5
34	1318	4
1	1319	3
3	1319	3
23	1319	3
5	1320	6
18	1320	6
35	1320	1
36	1320	1
0	1321	0
10	1321	3
19	1321	0
17	1322	0
0	1323	4
28	1324	4
35	1324	2
38	1324	0
21	1325	5
20	1326	0
13	1327	2
23	1327	4
25	1328	1
28	1328	4
13	1329	5
15	1329	5
13	1330	4
4	1331	6
34	1331	6
39	1331	6
15	1332	2
25	1332	2
34	1332	2
0	1333	1
5	1333	1
25	1333	1
9	1334	0
13	1334	0
18	1334	3
39	1334	0
2	1335	2
16	1335	4
35	1335	2
38	1335	2
14	1336	3
24	1336	5
9	1337	2
23	1337	0
35	1337	0
15	1338	0
23	1338	3
28	1339	0
6	1340	2
13	1340	3
31	1340	3
36	1340	3
9	1341	5
21	1341	3
31	1341	5
36	1341	5
10	1342	2
30	1342	3
35	1342	3
9	1343	5
19	1343	5
0	1344	5
9	1344	2
14	1344	5
23	1344	3
30	1345	1
35	1345	2
36	1345	1
5	1346	1
37	1346	6
39	1346	0
18	1347	2
14	1348	0
20	1348	1
36	1349	3
0	1350	2
21	1350	2
25	1350	3
29	1351	3
30	1351	2
35	1351	2
6	1352	5
6	1353	6
23	1353	4
29	1353	6
16	1354	5
39	1354	5
6	1355	1
20	1355	2
38	1355	1
4	1356	0
15	1356	0
1	1357	3
15	1357	6
6	1358	3
30	1358	3
9	1359	2
34	1359	0
11	1360	2
6	1361	2
12	1361	2
30	1361	2
31	1361	2
34	1361	3
19	1362	5
6	1363	3
9	1363	6
8	1364	2
23	1364	2
38	1365	6
4	1366	4
18	1366	4
35	1366	5
1	1367	5
9	1367	0
9	1368	4
11	1369	4
18	1369	1
21	1369	4
0	1370	6
3	1370	6
31	1370	6
25	1371	2
14	1372	2
3	1373	1
13	1373	1
3	1374	1
12	1374	1
10	1375	6
15	1375	4
35	1375	1
11	1376	1
13	1376	1
20	1376	1
23	1376	1
10	1377	3
3	1378	5
5	1378	5
13	1378	0
25	1378	5
34	1379	1
13	1380	1
36	1380	3
38	1380	1
28	1381	3
36	1381	3
39	1381	2
1	1382	5
4	1382	5
6	1382	5
34	1382	5
39	1382	5
13	1383	2
6	1384	5
30	1385	4
31	1385	5
18	1386	1
3	1387	2
30	1387	6
26	1388	0
21	1389	6
28	1390	2
20	1391	3
28	1391	0
4	1392	5
18	1393	6
21	1393	6
38	1393	6
21	1394	3
34	1394	1
36	1394	4
6	1395	2
29	1395	6
0	1396	2
35	1397	0
8	1398	4
25	1399	6
35	1400	1
36	1400	0
0	1401	5
24	1401	5
39	1401	5
13	1402	4
0	1403	3
19	1404	4
9	1405	3
23	1405	3
4	1406	2
19	1406	2
1	1407	2
23	1407	0
23	1408	5
34	1409	0
36	1409	6
38	1409	0
0	1410	6
2	1410	6
9	1410	3
17	1410	6
4	1411	6
21	1411	3
30	1411	3
3	1412	4
9	1412	6
37	1412	0
6	1413	6
33	1413	6
13	1414	6
21	1414	6
29	1414	2
18	1415	0
30	1415	5
31	1415	0
4	1416	0
19	1417	3
25	1417	3
11	1418	6
38	1418	0
30	1419	6
0	1420	1
13	1420	0
14	1420	0
19	1420	0
9	1421	5
0	1422	2
13	1423	1
18	1423	1
31	1423	1
5	1424	5
9	1424	5
31	1424	5
15	1425	0
18	1425	0
35	1425	0
14	1426	5
22	1426	5
9	1427	6
18	1427	6
1	1428	4
28	1428	4
14	1429	3
18	1429	1
20	1429	0
22	1429	1
11	1430	0
36	1430	0
14	1431	0
11	1432	3
13	1433	1
15	1433	4
15	1434	4
33	1435	6
0	1436	2
23	1436	3
38	1436	5
20	1437	1
37	1438	2
24	1439	5
0	1440	3
5	1441	6
5	1442	6
18	1442	0
21	1442	1
31	1442	0
25	1443	4
34	1444	6
11	1445	1
3	1446	3
30	1447	2
21	1448	1
36	1448	1
30	1449	0
0	1450	2
6	1450	2
8	1450	2
12	1450	2
14	1450	4
0	1451	5
22	1451	2
30	1451	6
1	1452	3
30	1452	0
20	1453	1
34	1453	6
7	1454	0
23	1455	4
30	1455	4
33	1455	1
9	1456	6
14	1456	6
35	1457	0
14	1458	1
24	1458	3
36	1458	3
29	1459	6
36	1460	2
25	1461	5
28	1461	2
4	1462	6
15	1462	6
30	1462	6
28	1463	0
20	1464	3
25	1464	3
5	1465	5
23	1465	5
31	1465	5
12	1466	6
6	1467	2
9	1467	3
14	1467	1
30	1468	2
4	1469	3
15	1469	3
34	1469	1
35	1469	3
6	1470	3
31	1470	1
14	1471	5
30	1471	5
30	1472	3
32	1472	1
22	1473	2
0	1474	2
2	1474	2
24	1474	4
29	1474	1
30	1474	2
35	1474	1
0	1475	0
11	1475	0
30	1475	0
34	1475	4
14	1476	1
35	1476	5
9	1477	6
23	1477	5
30	1477	0
5	1478	5
17	1478	5
21	1478	5
35	1478	0
25	1479	1
28	1479	1
1	1480	3
15	1480	1
19	1480	2
20	1480	1
25	1480	1
9	1481	0
34	1481	6
39	1481	0
19	1482	5
5	1483	1
6	1483	0
13	1483	1
15	1483	1
30	1483	1
15	1484	5
39	1484	4
31	1485	3
23	1486	1
25	1486	5
29	1486	1
6	1487	6
19	1487	5
6	1488	4
8	1488	4
15	1488	4
18	1488	4
34	1488	4
36	1489	4
22	1490	1
29	1490	1
13	1491	5
4	1492	4
5	1492	4
24	1492	4
34	1492	0
39	1493	6
0	1494	5
6	1494	5
13	1494	4
25	1494	1
9	1495	1
14	1496	1
21	1496	5
29	1496	5
38	1496	5
11	1497	2
33	1498	1
12	1499	3
14	1499	0
2	1500	3
13	1501	3
14	1502	3
36	1502	1
17	1503	4
39	1503	4
5	1504	2
6	1504	2
11	1504	3
21	1505	2
25	1505	6
35	1505	2
6	1506	1
32	1506	1
18	1507	0
12	1508	1
14	1508	1
15	1508	1
23	1508	1
33	1508	1
21	1509	0
29	1509	0
30	1509	5
6	1510	1
21	1510	6
36	1510	1
38	1510	6
0	1511	5
8	1511	1
16	1512	4
33	1513	3
4	1514	6
5	1514	6
13	1514	6
15	1514	2
17	1514	6
36	1514	2
1	1515	2
15	1515	6
21	1516	4
14	1517	4
21	1517	4
32	1517	4
19	1518	2
21	1518	2
4	1519	5
4	1520	4
28	1520	4
34	1520	1
0	1521	3
6	1521	3
12	1521	0
0	1522	5
29	1522	0
16	1523	3
14	1524	0
18	1525	3
25	1526	1
38	1526	1
6	1527	0
28	1527	0
11	1528	3
31	1528	3
31	1529	6
39	1529	6
0	1530	4
23	1530	2
29	1530	4
23	1531	3
36	1531	0
13	1532	3
19	1532	3
8	1533	6
21	1533	2
30	1533	6
31	1533	6
34	1533	6
36	1533	6
23	1534	2
34	1534	2
36	1534	0
13	1535	0
21	1535	1
36	1536	6
34	1537	4
25	1538	1
11	1539	2
15	1539	6
0	1540	6
13	1541	2
15	1541	1
19	1541	0
23	1541	0
4	1542	2
28	1542	2
3	1543	3
4	1543	4
12	1543	3
13	1543	3
21	1544	6
25	1544	6
34	1544	0
39	1544	0
11	1545	6
13	1545	4
23	1545	4
31	1545	4
36	1545	2
9	1546	2
22	1546	2
25	1546	1
23	1547	1
31	1547	1
6	1548	2
34	1548	2
19	1549	5
38	1549	5
9	1550	0
15	1550	0
6	1551	2
23	1551	5
34	1551	6
31	1552	1
9	1553	3
21	1553	3
28	1553	3
34	1553	1
11	1554	0
13	1554	3
30	1554	0
1	1555	1
11	1555	3
19	1555	1
33	1556	5
22	1557	0
28	1557	0
0	1558	4
34	1558	4
36	1558	4
37	1558	4
29	1559	6
39	1559	1
0	1560	2
35	1560	4
29	1561	6
34	1561	6
39	1561	6
21	1562	5
31	1562	5
4	1563	3
18	1563	3
29	1563	3
30	1563	3
34	1563	3
38	1563	6
13	1564	4
14	1564	1
16	1564	6
21	1564	6
12	1565	2
35	1566	2
4	1567	1
9	1567	1
28	1567	3
39	1567	1
4	1568	1
23	1568	0
39	1568	0
13	1569	4
31	1570	3
33	1571	0
0	1572	2
32	1572	5
0	1573	4
14	1573	1
21	1573	4
28	1573	4
35	1574	5
38	1574	5
35	1575	4
32	1576	3
9	1577	3
15	1577	3
0	1578	6
5	1578	6
25	1578	6
31	1578	6
22	1579	5
23	1579	5
36	1579	1
4	1580	6
32	1581	2
23	1582	6
28	1583	3
14	1584	6
34	1585	4
28	1586	4
22	1587	1
6	1588	0
13	1588	0
36	1588	0
33	1589	2
0	1590	1
5	1590	1
12	1590	6
25	1590	1
29	1590	4
0	1591	3
12	1591	3
18	1591	3
29	1592	4
17	1593	1
30	1593	6
35	1593	6
26	1594	2
15	1595	4
25	1595	0
34	1595	4
18	1596	2
28	1597	3
31	1597	3
3	1598	0
14	1598	5
0	1599	2
25	1599	2
38	1599	2
3	1600	5
21	1601	5
29	1601	5
29	1602	1
32	1602	4
23	1603	4
35	1603	4
13	1604	0
14	1605	4
21	1605	5
35	1605	1
0	1606	6
5	1606	4
8	1606	4
30	1606	2
20	1607	0
18	1608	3
5	1609	1
11	1609	3
7	1610	3
6	1611	5
15	1611	5
39	1611	5
24	1612	5
31	1612	5
34	1612	2
38	1612	5
38	1613	4
39	1613	3
5	1614	6
21	1614	4
25	1615	6
25	1616	2
28	1616	1
29	1617	2
23	1618	6
6	1619	4
11	1619	4
0	1620	4
2	1620	0
1	1621	4
14	1621	4
15	1621	4
29	1622	3
36	1622	6
1	1623	2
5	1623	2
23	1623	2
30	1624	6
34	1625	1
39	1625	2
2	1626	5
28	1627	3
6	1628	0
29	1628	1
31	1628	4
12	1629	1
38	1629	1
0	1630	0
5	1630	3
0	1631	0
3	1631	0
7	1631	0
34	1632	6
13	1633	1
30	1633	2
36	1634	5
4	1635	2
21	1635	2
23	1635	2
25	1635	3
15	1636	5
31	1636	1
5	1637	1
36	1637	1
8	1638	2
19	1638	2
25	1638	0
21	1639	3
31	1639	3
4	1640	6
4	1641	0
15	1641	5
25	1642	1
29	1642	0
36	1642	0
29	1643	0
9	1644	1
24	1645	5
13	1646	6
15	1646	6
28	1646	3
30	1646	6
8	1647	1
18	1647	5
18	1648	0
39	1648	0
1	1649	4
3	1650	0
15	1650	6
26	1651	6
30	1652	6
38	1652	6
6	1653	6
30	1653	2
10	1654	4
22	1654	4
18	1655	0
23	1655	3
30	1655	5
4	1656	1
13	1656	4
0	1657	2
2	1657	5
21	1657	2
19	1658	5
37	1658	2
6	1659	0
30	1659	0
34	1659	0
37	1659	4
38	1659	0
31	1660	3
6	1661	2
9	1662	1
0	1663	4
28	1663	4
34	1663	4
18	1664	5
3	1665	0
29	1665	2
36	1665	0
5	1666	5
9	1666	5
34	1667	1
5	1668	5
6	1668	3
35	1669	4
15	1670	2
31	1670	2
5	1671	3
9	1671	3
31	1671	3
22	1672	6
3	1673	0
5	1673	6
19	1673	6
6	1674	5
30	1674	5
11	1675	3
31	1675	3
0	1676	2
15	1676	2
8	1677	3
15	1677	3
28	1677	3
38	1677	5
6	1678	2
11	1678	6
38	1678	6
25	1679	4
35	1680	0
35	1681	4
5	1682	4
0	1683	5
36	1683	2
15	1684	4
20	1684	4
25	1684	4
34	1684	4
39	1684	4
18	1685	1
25	1685	3
34	1685	6
0	1686	3
35	1686	3
9	1687	6
13	1687	6
18	1687	6
31	1688	2
3	1689	2
16	1689	2
15	1690	6
21	1691	6
28	1691	6
27	1692	3
21	1693	2
28	1693	2
29	1694	3
30	1694	3
38	1694	6
37	1695	3
12	1696	1
36	1696	4
38	1697	2
23	1698	1
0	1699	4
30	1699	4
38	1699	4
35	1700	0
18	1701	0
25	1701	2
19	1702	2
28	1702	2
30	1702	2
5	1703	1
6	1703	3
9	1704	3
39	1705	2
4	1706	0
6	1706	4
38	1706	3
23	1707	1
39	1707	5
23	1708	5
13	1709	2
9	1710	5
28	1710	2
38	1710	5
0	1711	3
30	1711	3
4	1712	6
14	1712	6
11	1713	1
15	1713	6
30	1713	6
35	1713	6
0	1714	5
12	1714	0
28	1714	3
30	1714	5
38	1714	5
28	1715	6
31	1716	3
16	1717	5
23	1717	5
13	1718	3
20	1718	6
39	1718	5
30	1719	6
10	1720	1
3	1721	1
14	1721	1
30	1722	6
39	1722	6
4	1723	0
25	1723	4
29	1723	5
0	1724	2
28	1724	0
3	1725	4
19	1725	4
36	1725	1
9	1726	3
30	1726	2
3	1727	6
15	1727	5
30	1727	6
14	1728	6
15	1728	0
24	1728	0
5	1729	1
16	1729	6
17	1729	1
39	1729	1
23	1730	4
6	1731	0
12	1732	0
0	1733	0
16	1733	0
19	1733	0
11	1734	4
28	1734	1
14	1735	4
20	1736	0
28	1736	4
21	1737	0
28	1737	0
29	1737	0
14	1738	0
30	1738	0
35	1738	2
8	1739	3
4	1740	3
25	1740	1
39	1740	1
12	1741	0
29	1741	0
29	1742	0
4	1743	5
19	1743	4
3	1744	0
5	1744	5
35	1744	2
0	1745	5
16	1745	0
28	1745	3
29	1745	4
11	1746	0
35	1746	5
21	1747	6
37	1748	1
5	1749	5
23	1750	2
9	1751	6
21	1751	6
30	1751	3
24	1752	0
5	1753	2
22	1754	1
7	1755	3
1	1756	6
11	1756	6
34	1757	1
36	1758	5
13	1759	1
15	1759	2
16	1759	5
18	1759	1
23	1759	2
34	1759	2
35	1759	2
24	1760	3
0	1761	2
6	1762	3
33	1763	5
1	1764	1
11	1765	4
29	1765	4
38	1765	0
22	1766	1
36	1766	3
38	1766	3
21	1767	1
5	1768	0
23	1768	3
25	1768	1
31	1768	4
32	1768	2
21	1769	2
25	1769	2
35	1769	5
36	1769	2
34	1770	6
15	1771	1
21	1771	1
5	1772	0
21	1772	0
28	1772	4
36	1772	0
12	1773	0
13	1773	4
8	1774	2
13	1774	2
35	1774	0
0	1775	1
28	1775	1
20	1776	1
23	1776	1
31	1776	1
6	1777	5
11	1777	0
38	1778	1
25	1779	3
31	1779	0
2	1780	3
19	1780	4
21	1780	4
6	1781	0
29	1781	1
35	1781	5
15	1782	0
28	1782	1
31	1782	5
36	1782	1
38	1782	1
31	1783	5
34	1783	5
38	1783	1
29	1784	5
32	1785	1
14	1786	5
34	1786	5
15	1787	4
31	1787	1
39	1787	2
9	1788	6
36	1788	6
6	1789	2
11	1790	4
18	1790	6
15	1791	4
29	1791	6
32	1791	6
35	1791	6
9	1792	6
0	1793	3
15	1793	5
39	1794	5
3	1795	1
14	1795	4
30	1795	3
39	1795	4
13	1796	0
18	1796	6
9	1797	2
25	1797	2
29	1797	4
9	1798	1
16	1799	5
23	1800	2
30	1800	2
31	1800	2
11	1801	2
34	1801	0
18	1802	1
5	1803	5
28	1803	5
9	1804	1
4	1805	2
21	1805	2
9	1806	5
20	1807	4
27	1808	2
24	1809	5
3	1810	2
4	1810	3
28	1810	3
35	1810	3
39	1810	3
14	1811	0
23	1811	0
28	1811	0
10	1812	6
16	1812	6
19	1812	6
23	1812	0
32	1812	6
19	1813	4
28	1813	3
19	1814	6
30	1815	5
35	1815	5
38	1815	5
4	1816	4
28	1816	0
35	1816	4
36	1816	4
1	1817	4
13	1817	4
30	1817	4
9	1818	1
25	1818	1
36	1818	1
24	1819	4
25	1820	4
39	1820	5
4	1821	4
6	1822	4
11	1823	5
28	1823	3
30	1824	2
13	1825	5
18	1825	4
33	1825	4
9	1826	5
14	1826	5
30	1826	1
23	1827	5
8	1828	5
34	1828	5
12	1829	0
21	1829	6
34	1829	1
38	1829	6
36	1830	4
11	1831	3
28	1831	3
18	1832	0
22	1832	0
23	1832	0
3	1833	1
9	1833	5
15	1833	5
22	1833	5
25	1833	5
36	1833	4
0	1834	2
9	1834	2
13	1834	2
30	1834	2
9	1835	5
5	1836	6
12	1836	0
15	1836	0
25	1836	3
38	1836	0
6	1837	6
19	1837	6
28	1837	5
21	1838	1
38	1838	1
0	1839	3
6	1840	3
0	1841	2
8	1841	2
21	1841	2
31	1841	2
13	1842	3
19	1842	3
9	1843	3
14	1843	0
18	1844	6
35	1845	3
6	1846	0
18	1846	1
29	1846	0
13	1847	1
28	1847	6
13	1848	3
34	1848	3
13	1849	6
18	1850	4
23	1850	2
25	1850	2
30	1850	2
38	1850	2
1	1851	3
9	1852	2
15	1852	2
30	1853	3
36	1853	2
39	1853	2
30	1854	5
4	1855	6
11	1855	0
35	1855	6
6	1856	2
20	1856	6
25	1856	2
2	1857	3
30	1857	3
35	1857	6
39	1857	3
0	1858	4
5	1858	4
15	1858	4
0	1859	0
13	1859	0
20	1859	0
28	1859	0
10	1860	3
19	1861	3
30	1861	3
36	1862	0
5	1863	0
38	1863	0
16	1864	1
23	1864	1
29	1864	1
31	1864	1
0	1865	3
9	1865	3
14	1865	3
15	1865	3
15	1866	1
1	1867	6
9	1868	4
14	1868	4
38	1868	4
9	1869	1
28	1869	1
30	1869	4
10	1870	6
38	1871	2
3	1872	0
16	1872	5
37	1872	6
39	1872	5
13	1873	2
35	1873	6
21	1874	5
31	1874	4
28	1875	0
18	1876	2
29	1876	2
33	1876	2
38	1876	2
8	1877	3
22	1877	3
30	1877	3
6	1878	2
11	1878	4
13	1878	6
25	1878	2
35	1878	2
9	1879	3
19	1879	1
31	1879	3
0	1880	6
5	1880	6
21	1880	6
29	1880	2
18	1881	1
21	1881	6
6	1882	5
0	1883	0
19	1883	0
34	1883	1
5	1884	4
20	1884	4
4	1885	3
30	1885	3
39	1885	3
0	1886	3
12	1886	3
39	1886	3
0	1887	6
30	1887	6
0	1888	6
6	1888	6
9	1888	0
12	1888	2
30	1888	6
13	1889	1
33	1889	1
5	1890	2
13	1890	3
18	1890	6
23	1890	1
29	1890	5
30	1890	0
6	1891	0
9	1891	0
19	1892	4
15	1893	4
37	1893	0
38	1893	4
0	1894	4
23	1894	0
9	1895	4
2	1896	4
5	1896	4
28	1896	4
37	1896	4
17	1897	4
9	1898	1
1	1899	1
14	1899	1
9	1900	1
12	1900	1
30	1900	1
25	1901	5
34	1901	5
38	1901	5
22	1902	5
31	1902	5
32	1902	5
39	1902	5
0	1903	3
1	1903	3
5	1903	3
14	1903	3
25	1903	2
37	1903	3
0	1904	4
9	1904	4
13	1905	5
23	1905	5
39	1905	5
12	1906	1
29	1906	5
30	1906	5
14	1907	0
33	1907	1
5	1908	6
15	1908	6
24	1908	6
14	1909	5
12	1910	1
2	1911	1
28	1911	1
34	1911	1
3	1912	5
4	1913	2
2	1914	6
30	1914	6
12	1915	3
28	1916	1
30	1916	6
35	1916	6
39	1916	6
3	1917	5
4	1917	5
17	1917	5
29	1917	5
34	1917	5
30	1918	2
15	1919	2
18	1919	6
22	1919	6
32	1920	6
3	1921	4
23	1921	3
36	1921	2
38	1921	3
36	1922	2
19	1923	5
30	1924	1
32	1924	1
39	1924	1
18	1925	2
21	1925	2
32	1926	3
34	1926	3
21	1927	3
28	1927	3
38	1927	3
34	1928	5
9	1929	2
25	1930	2
25	1931	4
4	1932	4
14	1933	2
39	1933	4
1	1934	0
15	1934	6
35	1934	6
36	1935	5
39	1935	5
25	1936	2
6	1937	3
14	1937	3
15	1937	3
29	1937	3
32	1937	3
18	1938	1
29	1938	2
3	1939	0
21	1939	2
36	1939	3
14	1940	0
18	1940	0
19	1940	0
6	1941	3
15	1941	3
19	1942	6
21	1943	1
0	1944	6
36	1944	6
0	1945	0
28	1945	2
5	1946	5
9	1947	1
0	1948	4
9	1948	3
15	1948	4
19	1948	4
23	1948	2
24	1948	4
38	1948	4
4	1949	3
35	1949	5
3	1950	1
35	1950	4
24	1951	2
25	1952	6
30	1952	6
8	1953	3
12	1953	3
11	1954	5
1	1955	6
13	1955	2
18	1956	3
21	1956	1
25	1956	1
30	1956	1
13	1957	6
33	1957	4
19	1958	4
30	1958	1
21	1959	3
25	1959	3
28	1959	3
2	1960	6
21	1960	6
25	1960	6
29	1960	1
9	1961	6
0	1962	2
6	1962	5
13	1962	3
20	1962	6
34	1962	1
22	1963	1
31	1963	1
32	1964	5
13	1965	1
31	1965	1
36	1965	4
35	1966	4
5	1967	2
31	1967	1
38	1967	2
39	1967	2
4	1968	2
11	1968	6
38	1968	6
14	1969	1
2	1970	6
23	1970	6
11	1971	5
13	1971	0
15	1971	5
13	1972	0
19	1972	0
35	1972	3
4	1973	5
6	1973	2
14	1973	2
21	1973	2
28	1974	3
30	1974	3
15	1975	5
28	1975	5
31	1976	0
34	1976	5
34	1977	0
25	1978	1
36	1978	1
13	1979	4
19	1979	4
4	1980	6
9	1981	1
25	1981	6
13	1982	3
36	1983	5
15	1984	1
39	1984	1
4	1985	0
12	1985	0
25	1985	1
12	1986	2
25	1986	2
29	1986	2
38	1986	6
24	1987	1
6	1988	6
6	1989	0
19	1989	0
20	1989	0
29	1989	0
35	1990	6
5	1991	6
29	1991	6
30	1991	6
19	1992	6
12	1993	3
19	1993	1
28	1993	1
5	1994	3
15	1994	3
23	1994	3
4	1995	0
9	1995	1
30	1995	0
0	1996	6
21	1996	2
38	1996	5
25	1997	4
6	1998	1
18	1998	2
23	1998	1
28	1998	1
3	1999	0
34	1999	0
38	1999	0
10	2000	6
8	2001	3
15	2001	5
34	2001	0
36	2001	3
0	2002	6
21	2002	6
22	2002	6
28	2002	2
4	2003	1
11	2003	1
23	2003	1
15	2004	5
28	2004	5
11	2005	5
1	2006	6
5	2006	6
15	2006	6
19	2006	0
30	2006	6
30	2007	5
34	2007	3
34	2008	6
28	2009	0
25	2010	0
39	2010	1
6	2011	6
29	2011	0
14	2012	0
23	2012	0
32	2013	0
34	2014	4
39	2014	4
36	2015	2
13	2016	0
0	2017	2
36	2017	2
17	2018	6
19	2018	6
21	2018	6
29	2018	6
30	2018	6
39	2019	3
6	2020	5
14	2020	5
30	2020	2
1	2021	3
28	2021	3
34	2021	3
15	2022	4
19	2022	1
13	2023	0
34	2024	4
21	2025	1
23	2025	1
11	2026	0
21	2026	0
29	2026	0
18	2027	3
34	2028	4
12	2029	3
6	2030	6
2	2031	3
18	2032	5
28	2032	3
9	2033	3
22	2033	4
25	2033	1
20	2034	0
28	2034	0
19	2035	2
31	2035	3
34	2035	2
38	2035	2
4	2036	3
20	2036	3
9	2037	5
18	2037	4
32	2038	4
39	2038	3
4	2039	5
11	2039	5
29	2039	5
38	2039	5
31	2040	3
34	2040	1
32	2041	2
12	2042	0
23	2042	2
25	2043	4
35	2044	4
15	2045	1
38	2046	0
12	2047	5
19	2047	4
26	2048	0
3	2049	0
35	2050	1
13	2051	5
0	2052	5
23	2053	4
9	2054	5
31	2054	5
34	2055	5
39	2055	5
1	2056	4
13	2056	1
20	2056	4
21	2056	4
23	2056	6
28	2056	4
34	2056	6
13	2057	6
31	2057	6
36	2057	6
38	2057	6
0	2058	2
38	2058	2
0	2059	4
35	2060	3
36	2060	5
37	2060	0
18	2061	3
14	2062	0
10	2063	3
4	2064	1
18	2064	6
28	2064	6
9	2065	3
11	2065	3
19	2065	5
21	2065	3
38	2065	3
13	2066	5
35	2066	5
6	2067	0
21	2067	0
23	2067	0
31	2067	0
34	2067	1
28	2068	0
29	2068	6
30	2069	3
9	2070	2
12	2070	2
15	2070	2
21	2070	2
38	2070	2
15	2071	5
28	2071	4
35	2071	4
38	2071	4
12	2072	4
18	2073	4
28	2073	2
9	2074	0
11	2074	0
20	2074	0
23	2074	0
25	2074	0
34	2075	4
35	2076	1
6	2077	0
14	2077	3
19	2077	3
4	2078	6
6	2078	6
0	2079	4
36	2079	5
38	2079	5
32	2080	5
0	2081	0
3	2081	0
17	2081	0
18	2081	0
23	2082	1
4	2083	5
0	2084	1
23	2084	6
25	2084	2
15	2085	5
12	2086	5
14	2086	2
25	2086	3
28	2086	2
31	2086	2
38	2086	2
0	2087	1
4	2087	1
6	2087	1
34	2087	1
36	2087	1
21	2088	0
29	2088	2
15	2089	1
21	2090	6
1	2091	5
14	2091	4
28	2091	4
15	2092	0
22	2092	0
6	2093	1
35	2093	1
39	2093	1
28	2094	1
11	2095	1
19	2095	1
31	2095	1
9	2096	3
39	2096	3
30	2097	3
0	2098	3
21	2098	3
23	2099	3
13	2100	3
36	2100	6
38	2100	0
15	2101	3
20	2102	6
6	2103	5
11	2103	5
12	2104	1
21	2104	1
29	2104	1
30	2104	1
34	2104	1
6	2105	4
14	2105	1
29	2105	5
9	2106	5
14	2106	0
31	2106	5
21	2107	2
25	2108	6
5	2109	2
17	2110	6
34	2110	6
14	2111	0
19	2111	5
36	2111	5
11	2112	6
18	2112	0
35	2112	6
34	2113	3
10	2114	6
18	2114	4
29	2114	3
6	2115	1
14	2115	3
36	2116	2
39	2116	2
5	2117	4
9	2117	3
31	2118	6
30	2119	0
30	2120	3
21	2121	2
28	2121	4
29	2121	2
35	2121	2
9	2122	5
6	2123	0
39	2123	0
11	2124	2
13	2124	6
35	2124	2
39	2124	2
4	2125	1
5	2125	6
20	2125	6
21	2125	6
15	2126	0
21	2126	0
36	2126	0
39	2126	5
15	2127	2
22	2128	5
34	2129	5
4	2130	0
25	2130	0
34	2130	4
36	2130	5
37	2131	6
19	2132	0
28	2132	0
0	2133	4
1	2133	4
25	2134	0
30	2134	3
39	2135	3
9	2136	1
21	2136	1
34	2136	4
28	2137	4
9	2138	3
15	2138	6
7	2139	4
0	2140	1
28	2140	1
37	2140	1
38	2140	1
23	2141	3
24	2141	3
28	2141	6
36	2141	6
12	2142	5
1	2143	4
39	2144	0
1	2145	2
13	2145	2
36	2145	6
33	2146	0
1	2147	0
6	2147	2
23	2147	0
15	2148	1
20	2148	1
38	2148	1
1	2149	5
21	2149	5
34	2149	5
9	2150	1
3	2151	6
14	2151	3
19	2151	4
36	2151	0
38	2151	3
14	2152	1
23	2152	1
16	2153	4
19	2153	4
11	2154	4
0	2155	2
15	2156	1
5	2157	3
28	2157	3
28	2158	6
16	2159	6
9	2160	3
21	2161	5
22	2162	5
5	2163	4
12	2164	0
5	2165	1
14	2165	1
11	2166	0
13	2167	3
23	2167	3
3	2168	4
28	2169	2
8	2170	1
14	2170	1
21	2170	2
5	2171	4
21	2171	4
0	2172	1
32	2172	3
4	2173	5
16	2173	5
29	2173	0
0	2174	1
5	2174	4
30	2175	4
34	2175	4
6	2176	4
9	2176	2
4	2177	2
23	2177	3
26	2177	1
37	2177	2
11	2178	6
16	2178	5
20	2178	5
28	2178	2
6	2179	4
9	2179	4
8	2180	6
13	2180	6
35	2180	6
29	2181	6
25	2182	1
31	2182	1
34	2182	4
39	2182	6
28	2183	0
17	2184	2
21	2184	2
35	2184	2
15	2185	0
31	2185	0
36	2185	0
21	2186	3
30	2186	3
10	2187	0
3	2188	3
25	2189	5
11	2190	3
21	2190	3
39	2190	3
10	2191	3
18	2191	3
7	2192	0
2	2193	5
28	2194	6
15	2195	1
22	2195	1
30	2196	6
30	2197	6
31	2197	6
4	2198	4
23	2198	4
39	2198	4
35	2199	3
5	2200	1
6	2201	2
37	2201	4
5	2202	5
0	2203	3
14	2203	3
0	2204	6
39	2204	6
28	2205	3
39	2205	6
9	2206	6
13	2206	6
14	2206	6
19	2206	6
30	2207	0
39	2208	0
31	2209	1
36	2209	4
39	2209	2
0	2210	5
18	2210	5
21	2210	5
28	2210	2
15	2211	4
31	2211	4
6	2212	5
25	2212	5
31	2212	5
34	2213	2
35	2214	1
1	2215	4
11	2215	5
15	2215	1
28	2215	4
34	2215	5
38	2216	3
5	2217	2
7	2217	2
28	2217	2
4	2218	3
6	2218	3
29	2218	0
30	2219	3
31	2219	3
1	2220	4
36	2220	4
35	2221	6
21	2222	3
14	2223	4
19	2223	3
34	2223	5
0	2224	4
1	2224	4
18	2225	2
19	2225	0
30	2225	2
34	2225	1
5	2226	3
15	2226	3
28	2226	3
6	2227	2
0	2228	2
15	2228	2
13	2229	3
9	2230	3
18	2230	6
23	2230	4
30	2230	3
39	2230	3
1	2231	2
4	2231	2
5	2231	0
6	2231	4
10	2231	4
4	2232	0
37	2232	0
6	2233	4
9	2233	4
0	2234	4
4	2234	4
6	2234	1
18	2235	5
32	2235	6
3	2236	1
35	2236	6
35	2237	2
36	2237	5
3	2238	0
4	2238	5
4	2239	3
11	2240	3
21	2240	3
31	2240	3
0	2241	3
15	2241	6
16	2241	6
28	2241	2
35	2241	4
39	2241	5
5	2242	3
9	2242	6
15	2242	3
24	2242	3
28	2242	3
30	2242	3
21	2243	3
39	2243	4
35	2244	4
21	2245	0
36	2245	1
39	2245	0
17	2246	6
5	2247	4
28	2247	4
30	2248	5
0	2249	5
23	2250	5
29	2250	4
15	2251	1
25	2251	1
38	2251	1
38	2252	1
9	2253	3
12	2253	3
32	2253	3
18	2254	3
36	2254	2
27	2255	5
0	2256	5
1	2256	5
15	2256	5
35	2256	0
0	2257	1
4	2257	1
11	2258	5
13	2258	5
32	2258	5
39	2259	5
9	2260	1
15	2260	1
36	2260	1
4	2261	1
38	2262	2
20	2263	6
21	2263	6
23	2263	6
33	2263	4
0	2264	6
11	2264	6
13	2264	0
20	2264	6
31	2264	6
36	2264	6
4	2265	2
5	2265	6
21	2266	5
28	2266	4
19	2267	5
20	2267	1
30	2268	2
38	2268	2
2	2269	0
4	2269	0
0	2270	3
12	2270	2
28	2271	3
29	2271	3
32	2271	3
35	2271	3
38	2271	3
29	2272	4
38	2272	4
6	2273	6
21	2273	4
27	2273	4
0	2274	1
4	2274	3
25	2274	1
35	2274	1
39	2274	6
23	2275	3
35	2275	3
29	2276	4
21	2277	6
5	2278	2
35	2278	1
11	2279	2
21	2279	2
14	2280	4
31	2280	4
29	2281	4
17	2282	5
29	2283	4
10	2284	0
0	2285	5
5	2285	3
19	2285	4
30	2285	1
34	2285	6
7	2286	0
0	2287	4
19	2287	5
28	2287	5
9	2288	2
15	2289	6
29	2289	2
36	2289	2
37	2289	2
0	2290	1
11	2290	1
28	2290	1
36	2290	1
23	2291	0
0	2292	5
29	2292	5
13	2293	0
30	2293	3
0	2294	0
9	2294	3
30	2294	0
36	2294	2
36	2295	6
4	2296	2
0	2297	2
11	2297	6
15	2297	2
18	2297	2
28	2297	2
7	2298	1
13	2299	2
36	2299	6
19	2300	6
24	2300	3
29	2300	1
33	2300	4
39	2300	4
9	2301	1
0	2302	3
24	2303	2
27	2304	3
11	2305	0
23	2305	3
5	2306	1
34	2306	6
21	2307	3
29	2307	1
1	2308	2
13	2308	2
21	2308	2
22	2308	2
34	2308	0
21	2309	0
38	2309	5
