34	0	0
37	0	0
22	1	1
2	2	2
3	2	1
23	2	0
31	2	0
16	3	0
4	4	0
2	5	2
39	5	0
7	6	1
34	6	0
34	7	0
4	8	0
12	8	0
28	8	0
26	9	0
7	10	0
35	10	0
15	11	0
7	12	3
2	13	1
3	13	3
12	13	0
30	13	0
10	14	0
16	15	1
30	15	1
34	15	1
8	16	0
16	16	3
39	17	0
11	18	3
0	19	0
37	20	0
9	21	2
11	21	0
13	21	0
27	22	0
2	23	1
16	23	0
25	23	0
35	24	0
36	24	1
21	25	0
23	25	0
29	25	0
34	25	1
39	26	0
3	27	3
4	28	0
5	28	3
37	28	0
38	28	0
31	29	3
38	29	0
3	30	0
38	30	0
12	31	0
37	31	0
15	32	2
18	32	1
37	33	0
11	34	0
32	34	0
2	35	3
20	35	0
34	36	0
25	37	1
24	38	0
31	38	3
12	39	0
23	39	2
2	40	2
12	40	2
11	41	3
12	41	0
39	42	1
4	43	0
7	43	2
12	43	0
35	43	1
12	44	2
15	44	0
37	45	0
38	45	1
27	46	0
4	47	2
33	48	3
36	48	0
31	49	3
26	50	0
14	51	0
3	52	0
22	52	2
9	53	1
9	54	0
11	54	0
39	54	2
37	55	0
14	56	2
39	57	2
3	58	1
26	58	2
27	58	3
34	58	1
39	58	2
4	59	0
23	59	1
32	59	1
35	59	1
38	59	3
11	60	0
38	60	1
11	61	0
4	62	0
26	62	0
36	63	0
38	63	0
39	63	1
16	64	0
26	64	0
35	64	3
37	64	0
39	64	2
14	65	0
38	65	0
9	66	1
12	66	0
4	67	0
29	67	0
23	68	3
25	69	0
4	70	0
18	70	2
35	70	0
9	71	0
30	72	0
3	73	0
26	73	0
2	74	0
4	74	0
35	74	3
12	75	0
29	75	0
31	75	0
4	76	0
9	76	0
12	76	3
18	76	0
26	76	0
30	76	0
39	76	0
26	77	0
35	77	0
16	78	0
21	78	0
32	79	0
11	80	0
31	81	0
33	81	0
39	81	0
3	82	3
28	82	0
35	83	0
37	83	2
18	84	3
25	84	0
27	84	2
37	84	1
39	84	0
35	85	1
11	86	0
25	87	2
32	87	2
2	88	0
9	88	3
15	88	1
25	88	2
30	88	2
38	88	2
20	89	0
32	89	0
37	89	0
12	90	0
34	90	0
22	91	0
23	91	3
37	91	0
38	91	0
26	92	0
35	92	3
2	93	0
12	93	0
18	93	0
39	93	0
7	94	0
2	95	1
15	95	0
9	96	0
12	96	2
15	96	2
35	96	0
6	97	0
7	97	3
12	97	0
23	97	0
35	97	0
26	98	0
38	98	0
8	99	0
31	100	0
7	101	0
8	101	1
26	102	3
29	102	0
9	103	2
9	104	0
0	105	3
15	105	1
20	105	0
31	105	3
38	105	0
39	105	0
3	106	0
2	107	0
15	107	3
26	107	0
28	107	0
29	107	0
7	108	1
39	108	0
37	109	2
33	110	0
9	111	0
18	111	0
23	111	0
24	112	0
26	112	0
29	112	0
6	113	0
37	114	0
9	115	0
30	115	1
31	116	2
9	117	0
16	117	0
34	117	0
37	117	0
2	118	1
26	119	0
2	120	0
37	120	0
34	121	1
35	121	1
4	122	2
35	122	2
8	123	0
32	124	0
18	125	2
22	125	0
3	126	0
38	126	0
31	127	0
7	128	0
30	128	0
12	129	0
24	129	1
26	130	0
23	131	0
31	131	0
39	131	2
35	132	2
38	132	0
12	133	0
29	133	0
37	133	0
20	134	0
26	134	0
15	135	3
16	136	0
23	136	0
25	136	0
3	137	0
7	137	0
11	137	1
12	137	0
6	138	0
23	138	0
24	139	0
34	139	0
0	140	0
31	140	0
38	140	0
2	141	3
3	142	0
15	142	0
20	142	3
28	142	0
13	143	3
6	144	0
10	144	0
23	145	0
32	145	0
39	145	2
15	146	0
18	146	2
37	146	0
26	147	0
12	148	2
18	148	0
29	148	0
33	148	0
39	148	3
8	149	3
26	149	0
34	150	0
8	151	0
15	152	2
16	152	0
22	152	0
21	153	0
12	154	0
39	154	0
9	155	3
34	155	2
3	156	0
12	156	0
37	157	0
2	158	0
11	158	0
30	158	0
38	158	0
38	159	0
25	160	0
0	161	0
20	161	1
9	162	1
9	163	3
29	164	0
35	164	3
3	165	0
15	165	0
16	165	0
39	165	0
29	166	0
35	166	3
9	167	0
19	167	0
2	168	0
16	168	0
23	168	0
35	169	0
2	170	0
37	170	0
31	171	0
35	171	0
25	172	0
3	173	0
9	173	0
11	173	0
15	173	0
32	174	0
2	175	0
9	175	0
16	175	0
24	176	1
11	177	0
34	177	0
20	178	0
15	179	3
26	180	0
7	181	0
9	181	0
34	181	0
7	182	0
9	182	0
26	183	0
29	184	0
38	185	0
7	186	0
38	186	0
38	187	0
4	188	2
39	189	3
11	190	3
12	190	0
25	190	0
34	190	0
9	191	0
16	191	0
29	191	0
38	191	3
22	192	0
5	193	0
16	193	0
28	193	0
31	194	2
35	194	0
12	195	0
10	196	0
3	197	0
11	197	1
30	197	0
32	198	0
33	198	0
35	198	0
4	199	0
18	199	0
11	200	3
9	201	0
16	201	2
18	201	0
7	202	0
12	202	0
9	203	0
26	203	0
37	203	0
38	203	0
12	204	1
8	205	0
15	205	0
29	205	0
10	206	0
29	207	1
32	207	0
4	208	0
36	209	0
29	210	0
7	211	1
20	211	0
25	212	0
7	213	0
5	214	0
4	215	1
16	216	0
37	216	0
31	217	2
3	218	2
30	219	0
33	220	1
10	221	1
31	221	0
19	222	0
12	223	0
35	223	0
37	223	1
39	223	0
3	224	1
6	224	3
10	224	1
37	224	1
38	225	0
11	226	0
31	227	3
4	228	0
12	228	0
33	229	0
12	230	0
23	230	0
26	230	0
37	230	0
6	231	0
18	231	0
26	231	2
34	231	0
35	232	0
23	233	0
34	234	0
7	235	2
11	235	2
16	235	0
7	236	0
11	236	3
24	236	0
25	237	0
3	238	0
27	238	0
11	239	3
30	239	0
36	239	0
0	240	0
29	240	0
2	241	0
32	241	0
39	241	0
16	242	0
4	243	0
34	244	0
9	245	2
35	246	0
8	247	0
11	247	0
30	247	0
35	247	0
9	248	0
23	248	0
0	249	0
26	249	0
31	249	2
2	250	1
23	250	1
26	250	2
26	251	3
38	252	0
20	253	0
29	253	0
32	254	1
29	255	2
22	256	0
12	257	3
18	257	3
2	258	0
4	258	0
35	259	3
2	260	1
31	260	1
28	261	0
24	262	3
25	262	0
26	262	1
2	263	1
12	263	0
30	263	0
2	264	0
3	264	0
4	264	0
20	264	0
23	264	0
21	265	0
7	266	2
37	267	1
32	268	0
7	269	0
16	269	0
4	270	0
10	270	0
37	270	0
9	271	0
4	272	1
18	272	3
39	272	0
37	273	0
16	274	0
26	274	3
29	274	0
37	274	0
8	275	0
12	275	0
38	275	2
8	276	0
29	276	0
38	276	1
25	277	0
26	278	0
31	278	0
20	279	0
4	280	0
26	280	0
29	280	0
29	281	0
35	281	3
6	282	2
8	283	3
9	283	2
12	283	0
15	283	1
23	283	3
28	283	0
38	284	0
14	285	3
21	286	0
12	287	2
39	287	0
9	288	2
31	289	0
3	290	2
39	290	1
24	291	0
34	292	0
25	293	0
38	293	0
26	294	1
3	295	2
2	296	2
38	297	0
33	298	0
9	299	1
23	299	0
26	299	0
30	299	0
35	299	0
18	300	0
38	301	1
15	302	0
31	303	0
3	304	0
15	305	0
2	306	1
0	307	0
22	307	0
34	307	0
26	308	3
37	308	0
3	309	0
25	309	0
35	309	1
12	310	0
35	311	2
37	312	3
2	313	0
37	313	0
9	314	0
16	314	0
30	314	0
10	315	0
39	315	0
12	316	0
27	316	0
30	316	0
37	316	0
39	316	3
35	317	0
38	317	0
12	318	0
26	318	0
34	318	0
24	319	0
18	320	0
34	321	0
18	322	0
29	323	0
31	323	1
35	323	0
37	323	2
16	324	0
6	325	0
18	325	0
25	325	0
3	326	0
31	326	2
2	327	1
7	327	0
20	327	0
21	327	0
34	327	0
35	327	2
14	328	0
34	328	0
9	329	0
31	329	0
36	330	2
9	331	0
33	331	3
0	332	2
4	332	0
25	332	0
26	332	0
36	332	2
38	332	1
18	333	0
26	333	2
4	334	0
7	334	0
4	335	1
3	336	0
15	337	0
26	337	0
35	337	0
9	338	2
27	338	0
34	338	0
39	338	1
7	339	0
31	339	1
39	339	0
38	340	0
18	341	0
26	341	0
3	342	0
4	342	0
12	342	0
26	342	0
29	342	0
30	342	0
35	342	0
37	342	0
0	343	0
35	343	0
38	344	0
35	345	0
20	346	1
6	347	0
34	347	0
35	347	0
11	348	1
3	349	0
38	350	0
17	351	0
13	352	0
27	352	0
2	353	0
0	354	0
16	354	0
14	355	0
37	355	0
24	356	0
32	357	1
38	358	0
4	359	0
24	359	3
35	359	2
12	360	0
18	360	0
29	360	0
22	361	1
23	361	0
31	361	0
38	361	0
9	362	0
5	363	0
9	363	0
12	364	2
29	364	3
9	365	0
15	365	0
2	366	1
9	366	0
25	367	0
39	367	1
38	368	0
38	369	0
3	370	0
22	371	3
30	371	2
23	372	0
1	373	1
15	374	2
36	374	1
19	375	0
23	376	0
7	377	2
11	377	0
3	378	0
2	379	2
26	379	1
31	379	1
27	380	2
29	380	0
33	380	0
0	381	0
7	381	1
14	381	0
16	381	0
35	381	0
39	381	3
6	382	0
0	383	1
2	384	0
4	384	0
4	385	3
8	385	0
0	386	0
9	386	3
30	386	0
34	386	2
4	387	0
9	387	0
25	387	0
23	388	0
31	388	0
35	388	0
15	389	2
26	389	0
3	390	0
7	390	0
21	390	0
26	390	0
15	391	3
23	391	0
2	392	0
9	392	0
7	393	0
15	393	2
20	394	3
23	395	0
38	396	0
20	397	0
25	397	0
8	398	0
7	399	0
30	399	0
26	400	1
33	400	1
20	401	0
23	401	3
26	401	0
30	401	0
2	402	2
39	402	0
22	403	3
36	403	0
34	404	3
4	405	0
26	405	0
38	406	2
11	407	0
12	407	0
23	407	0
16	408	0
34	409	2
39	409	2
18	410	0
25	410	0
30	410	0
2	411	1
11	412	2
39	412	3
1	413	1
27	414	3
38	415	1
7	416	0
23	416	0
22	417	1
35	417	3
35	418	0
38	418	0
3	419	0
12	419	0
15	419	2
7	420	2
37	420	2
24	421	0
33	421	1
37	421	1
16	422	0
3	423	2
9	423	0
18	423	0
4	424	0
20	424	0
38	424	0
25	425	1
26	425	0
35	425	0
32	426	0
37	426	3
38	426	0
2	427	0
4	428	0
18	428	0
26	428	0
37	428	0
22	429	0
2	430	0
25	430	0
31	430	0
15	431	0
27	431	0
11	432	2
23	432	0
9	433	0
34	433	0
23	434	0
29	434	0
34	434	0
21	435	0
29	435	0
30	436	0
8	437	2
39	437	0
4	438	0
3	439	3
31	439	1
1	440	0
4	440	3
3	441	1
26	441	0
7	442	0
26	442	0
37	442	0
39	442	0
2	443	2
20	444	0
35	445	0
28	446	1
2	447	2
8	447	2
9	447	0
11	447	1
26	447	0
29	448	3
35	448	0
35	449	2
3	450	0
8	450	0
36	450	0
39	450	0
4	451	0
26	451	0
30	451	0
39	451	0
12	452	3
7	453	0
12	454	2
18	454	1
39	454	0
3	455	3
31	455	0
20	456	0
3	457	2
38	457	2
15	458	0
34	458	0
8	459	0
11	460	1
23	460	0
32	460	0
0	461	3
9	461	1
34	461	3
31	462	1
38	462	0
2	463	0
37	463	0
11	464	0
37	465	0
2	466	0
32	466	1
6	467	0
20	468	2
37	469	0
38	469	0
2	470	0
7	470	2
3	471	1
37	471	0
35	472	0
14	473	0
15	473	3
25	473	0
26	474	0
30	474	0
31	474	0
4	475	0
9	475	1
2	476	0
3	476	2
2	477	0
18	478	0
34	478	0
33	479	0
17	480	2
6	481	0
4	482	0
11	483	0
3	484	0
16	484	0
26	484	0
35	484	0
35	485	2
22	486	0
38	487	0
18	488	3
4	489	0
3	490	3
30	491	0
4	492	0
26	492	0
31	492	0
30	493	3
9	494	0
23	494	0
29	494	0
34	494	0
37	494	0
38	494	2
8	495	0
4	496	0
12	496	0
3	497	0
18	497	2
21	498	1
8	499	0
10	499	0
16	499	0
12	500	0
27	500	0
38	500	0
28	501	0
15	502	0
9	503	0
9	504	0
16	504	0
29	504	0
34	504	0
7	505	0
25	505	0
37	506	0
4	507	3
9	508	2
34	509	0
23	510	1
35	511	0
39	511	0
38	512	1
0	513	3
7	513	0
11	513	0
15	513	0
37	514	0
39	514	0
12	515	0
32	516	0
35	516	0
6	517	0
37	517	0
39	517	0
2	518	0
3	518	3
34	518	0
37	518	0
2	519	0
28	519	0
18	520	0
23	521	2
29	521	2
22	522	0
4	523	1
15	523	3
36	523	0
25	524	0
11	525	3
31	525	0
38	525	3
39	525	0
23	526	0
20	527	3
31	527	0
3	528	1
16	528	1
32	528	0
8	529	2
34	530	0
33	531	0
18	532	0
6	533	0
20	533	2
26	534	0
4	535	0
11	535	2
18	535	0
18	536	0
24	536	0
18	537	0
11	538	0
2	539	0
9	540	0
35	540	0
23	541	1
24	541	0
34	541	0
12	542	0
7	543	0
25	543	3
25	544	0
35	544	1
2	545	0
9	545	0
26	545	0
24	546	0
21	547	1
0	548	0
2	548	0
3	548	0
26	548	3
34	548	0
18	549	0
15	550	0
32	550	1
7	551	0
38	551	0
15	552	0
29	553	0
31	554	0
8	555	2
9	555	0
2	556	2
4	556	0
9	556	0
28	556	0
35	556	3
39	556	0
24	557	0
25	557	0
35	557	0
38	557	0
0	558	0
37	558	0
15	559	0
23	560	0
4	561	0
34	561	0
9	562	0
34	562	1
11	563	2
24	564	0
23	565	3
26	565	3
6	566	2
16	566	0
24	566	0
30	566	0
9	567	0
26	567	0
9	568	3
25	569	0
38	570	0
25	571	0
13	572	0
16	573	0
21	574	2
4	575	0
11	575	0
3	576	0
8	576	0
20	576	0
37	576	0
30	577	0
16	578	0
32	578	1
35	578	0
11	579	2
25	579	0
26	579	0
4	580	1
6	580	2
23	580	3
27	580	0
26	581	0
18	582	0
4	583	0
11	583	3
30	583	0
0	584	1
10	584	0
25	584	0
34	585	0
26	586	1
33	586	1
37	586	1
12	587	0
25	587	0
7	588	0
29	588	0
24	589	0
39	589	0
11	590	1
18	591	0
29	591	0
14	592	1
0	593	1
3	594	3
6	594	0
9	594	0
28	594	0
4	595	0
37	595	0
4	596	1
15	597	0
16	598	0
33	598	0
2	599	0
31	599	3
29	600	0
31	601	0
39	602	0
9	603	1
18	604	0
25	605	0
31	605	0
23	606	1
3	607	0
15	607	0
32	607	3
37	608	1
34	609	1
14	610	0
2	611	0
9	611	0
15	611	1
12	612	1
28	612	0
31	612	0
37	612	0
4	613	0
9	613	3
39	613	0
15	614	0
37	614	0
6	615	0
36	615	0
22	616	0
35	616	0
28	617	3
28	618	0
4	619	2
15	619	0
3	620	0
12	620	0
2	621	0
3	621	0
9	621	2
26	621	1
33	621	2
26	622	0
38	622	0
18	623	0
24	623	2
3	624	0
16	624	0
20	624	1
25	624	0
35	624	0
4	625	0
12	625	0
28	625	0
18	626	3
23	626	0
9	627	1
18	627	0
38	627	2
25	628	0
33	628	0
36	629	3
15	630	3
32	630	0
20	631	0
25	631	0
29	631	0
34	631	0
38	631	0
11	632	0
27	633	0
33	633	0
21	634	1
25	634	1
35	634	1
12	635	0
8	636	0
27	636	3
29	636	3
38	636	1
3	637	0
15	637	1
18	637	0
20	637	0
32	637	0
4	638	0
18	638	3
20	639	2
31	640	0
18	641	0
34	641	0
7	642	2
18	642	0
33	642	0
39	642	0
13	643	0
3	644	0
20	644	0
24	644	0
27	644	3
31	644	0
15	645	0
26	645	0
35	645	1
37	645	0
28	646	0
7	647	1
30	647	1
2	648	0
4	648	3
37	648	0
28	649	0
18	650	1
32	650	1
28	651	0
3	652	3
24	652	1
25	652	0
31	652	2
38	652	0
8	653	0
32	654	0
29	655	0
4	656	0
12	656	0
7	657	0
18	657	0
26	657	0
3	658	2
10	658	0
33	658	0
18	659	1
27	660	3
37	661	0
9	662	0
28	662	0
29	663	0
30	663	0
31	663	2
37	663	3
10	664	0
23	664	0
27	664	1
3	665	3
4	665	0
18	665	0
35	665	0
3	666	1
20	666	1
35	666	1
4	667	0
7	667	2
34	668	0
7	669	0
26	669	0
34	669	0
8	670	0
12	671	2
16	671	2
24	671	2
25	671	2
35	671	1
18	672	2
23	672	0
34	672	0
39	672	0
0	673	0
11	673	0
23	674	3
24	675	0
25	676	0
30	676	0
35	676	0
37	676	0
21	677	0
34	678	0
4	679	1
8	679	1
29	679	1
10	680	0
9	681	2
26	682	0
2	683	0
6	684	0
12	684	0
26	684	1
35	684	0
37	684	0
7	685	0
16	685	0
38	685	0
7	686	0
11	687	1
12	687	0
18	687	0
23	687	0
35	687	3
26	688	0
39	688	2
4	689	0
3	690	0
2	691	0
33	691	0
34	691	0
35	691	1
35	692	3
1	693	0
9	693	0
16	693	0
35	693	0
37	693	0
27	694	1
35	694	0
4	695	0
16	695	0
31	695	3
37	695	0
30	696	0
4	697	0
14	698	0
23	698	0
30	698	0
2	699	0
9	699	0
29	699	0
6	700	0
37	700	0
2	701	0
34	701	0
32	702	0
37	702	0
39	702	0
31	703	2
30	704	0
7	705	0
9	705	0
21	705	1
26	705	0
33	705	0
18	706	0
25	706	0
26	706	0
35	707	0
36	707	0
23	708	0
25	708	0
33	708	0
35	708	2
37	708	0
26	709	0
4	710	0
29	710	0
29	711	0
26	712	3
31	712	2
4	713	0
30	714	0
7	715	0
9	715	0
35	715	0
9	716	0
9	717	0
35	717	0
31	718	0
32	718	1
2	719	0
15	720	3
34	720	0
26	721	0
18	722	0
35	722	1
9	723	0
11	723	2
26	723	3
30	723	0
16	724	0
39	724	0
27	725	1
39	725	0
28	726	0
4	727	0
11	728	0
38	728	0
2	729	0
4	729	0
18	729	0
22	729	1
4	730	2
39	731	2
4	732	3
25	732	0
2	733	0
4	733	0
10	733	0
11	733	2
16	733	0
22	733	0
11	734	3
8	735	0
38	735	0
37	736	0
12	737	1
35	738	0
1	739	0
38	740	0
0	741	1
2	741	1
9	742	0
12	742	0
18	742	0
29	742	0
31	742	0
16	743	0
12	744	3
4	745	0
12	745	2
12	746	0
38	746	0
26	747	0
9	748	3
12	748	0
10	749	0
21	749	0
25	750	0
36	751	0
3	752	0
18	752	0
38	752	0
22	753	0
29	753	0
34	753	0
28	754	0
35	754	1
2	755	0
30	755	0
36	755	0
8	756	0
10	756	0
37	756	1
3	757	1
23	757	0
27	757	0
20	758	0
37	758	0
35	759	0
4	760	2
9	761	2
16	761	0
34	761	0
39	761	0
27	762	2
23	763	1
34	763	1
34	764	0
19	765	1
35	766	1
7	767	0
11	767	3
39	767	0
10	768	0
23	768	0
25	768	3
37	768	0
14	769	0
25	769	0
31	769	0
39	769	1
29	770	0
18	771	0
28	772	3
30	772	0
7	773	0
25	774	0
26	774	1
30	774	0
33	774	0
7	775	3
37	775	0
12	776	0
12	777	1
25	778	2
2	779	2
23	779	0
34	779	0
37	779	0
9	780	0
21	780	0
9	781	1
34	782	0
35	783	0
4	784	2
34	785	2
38	786	3
9	787	0
39	788	3
32	789	1
37	789	0
32	790	2
34	790	2
4	791	0
24	791	2
8	792	0
25	793	0
3	794	0
11	795	0
12	795	0
24	795	0
27	795	0
32	795	0
15	796	0
3	797	3
27	797	2
34	797	2
2	798	0
38	798	0
39	798	2
37	799	0
12	800	2
15	800	2
12	801	0
16	802	3
33	802	0
38	802	2
0	803	0
9	803	1
31	803	1
4	804	0
37	804	0
23	805	0
26	805	0
10	806	0
20	806	0
2	807	0
18	807	0
25	807	3
34	808	3
39	808	0
8	809	0
28	809	0
0	810	0
2	810	3
39	810	0
29	811	0
34	811	0
18	812	1
5	813	0
16	814	1
37	814	0
2	815	3
10	816	0
39	816	0
8	817	0
5	818	1
16	818	1
25	819	1
0	820	0
18	820	2
31	821	0
35	821	0
10	822	0
12	822	0
39	822	0
25	823	0
30	823	3
29	824	0
23	825	0
28	825	0
37	825	0
6	826	0
7	827	0
3	828	0
38	829	0
9	830	0
12	830	0
28	831	0
7	832	0
12	833	2
26	834	3
31	834	0
7	835	0
8	835	3
9	835	2
15	835	0
36	835	2
9	836	0
15	837	1
6	838	3
9	839	0
30	839	0
36	839	0
6	840	0
26	840	0
35	840	0
38	840	1
2	841	0
10	841	0
32	841	0
33	841	0
34	841	0
7	842	0
22	842	3
23	842	0
26	842	1
29	842	0
11	843	0
39	844	0
28	845	0
13	846	0
16	847	0
38	847	0
7	848	0
18	848	2
25	848	0
8	849	0
15	849	1
39	849	0
2	850	1
9	850	1
16	850	1
10	851	0
11	852	0
25	852	3
37	852	0
39	853	0
2	854	0
34	854	0
4	855	2
11	855	0
18	855	0
35	855	0
18	856	0
30	857	0
13	858	0
11	859	2
18	859	3
26	859	0
7	860	1
34	860	0
35	860	2
36	860	0
26	861	1
30	861	1
31	861	0
26	862	1
29	862	1
38	862	1
39	862	0
6	863	1
7	863	1
23	863	1
26	863	3
25	864	0
32	865	0
2	866	3
9	866	0
33	867	1
12	868	0
20	868	3
36	868	0
39	868	1
38	869	1
2	870	0
12	871	2
18	872	0
28	872	0
18	873	0
35	873	0
37	873	0
15	874	0
18	874	0
26	874	1
34	874	0
12	875	1
30	875	0
24	876	0
2	877	0
0	878	0
2	878	0
3	878	0
0	879	0
9	879	0
4	880	0
25	880	0
2	881	0
4	881	0
2	882	3
15	882	0
23	882	2
39	882	0
11	883	0
18	884	3
0	885	0
0	886	0
2	886	1
3	886	1
33	886	0
25	887	0
12	888	1
4	889	0
26	889	0
29	889	0
38	889	0
39	889	3
30	890	1
23	891	0
39	891	0
39	892	0
23	893	0
26	893	0
38	893	0
9	894	0
12	894	2
23	894	0
6	895	0
39	895	0
11	896	0
28	896	0
34	896	0
37	896	0
11	897	0
16	898	0
18	898	1
16	899	2
8	900	0
25	900	0
17	901	1
38	902	0
3	903	0
31	903	0
27	904	0
2	905	0
3	905	1
4	905	0
12	905	2
29	906	0
26	907	0
20	908	0
22	909	0
15	910	0
23	910	0
13	911	0
9	912	0
26	912	0
9	913	0
28	913	0
32	913	0
34	913	0
4	914	3
26	914	0
35	914	0
2	915	0
10	915	2
26	915	0
32	915	1
38	915	0
3	916	1
4	917	0
23	918	0
7	919	2
38	920	3
9	921	1
30	922	0
4	923	3
3	924	0
15	924	0
35	924	0
38	924	0
39	924	1
26	925	0
39	925	0
4	926	0
18	926	0
23	926	0
39	927	3
6	928	1
32	929	0
11	930	0
37	930	0
9	931	0
18	932	0
38	932	3
31	933	1
35	933	2
37	933	0
2	934	3
30	934	0
2	935	1
7	935	1
9	935	1
11	935	3
28	936	0
31	936	0
22	937	0
24	938	0
16	939	0
34	939	0
15	940	0
18	941	2
37	942	0
31	943	0
2	944	2
29	945	0
9	946	0
7	947	0
34	947	0
31	948	0
35	949	1
37	949	0
12	950	0
37	950	0
6	951	0
32	951	0
35	951	2
7	952	0
34	952	0
12	953	1
15	953	0
27	954	1
35	955	2
37	955	0
39	956	0
38	957	0
6	958	3
9	958	0
18	958	0
23	958	0
37	958	0
8	959	0
10	960	1
18	960	1
8	961	0
11	961	0
11	962	3
30	963	0
9	964	1
32	964	0
38	964	1
39	964	3
35	965	0
38	965	0
3	966	0
36	966	0
3	967	0
15	967	0
29	967	0
39	967	3
8	968	1
4	969	3
34	969	0
37	970	0
38	970	0
24	971	0
30	971	0
15	972	0
32	972	0
35	973	0
7	974	0
15	974	0
9	975	2
23	975	0
27	976	0
29	976	0
28	977	0
39	978	0
3	979	0
18	979	3
26	979	0
32	980	3
25	981	0
16	982	0
38	982	0
2	983	0
38	983	0
8	984	0
35	984	0
4	985	1
7	985	0
12	986	1
27	986	2
16	987	0
33	987	0
12	988	0
16	988	0
32	989	0
26	990	0
4	991	0
39	992	0
6	993	0
31	994	0
26	995	2
39	995	3
31	996	0
35	996	3
0	997	0
4	997	0
9	997	0
35	997	0
12	998	0
15	999	1
19	999	1
4	1000	0
13	1001	2
3	1002	2
35	1002	1
4	1003	3
7	1003	0
29	1003	0
21	1004	0
37	1005	0
7	1006	0
9	1006	0
32	1007	0
12	1008	0
11	1009	2
3	1010	2
3	1011	3
23	1011	0
37	1011	0
3	1012	1
25	1012	3
37	1012	2
31	1013	0
32	1013	0
12	1014	0
6	1015	0
18	1016	0
15	1017	0
29	1017	0
25	1018	0
26	1018	0
24	1019	0
9	1020	3
18	1021	0
20	1021	0
2	1022	1
31	1023	1
32	1024	2
26	1025	0
8	1026	0
9	1026	1
26	1027	0
33	1027	0
35	1027	0
39	1027	0
35	1028	0
18	1029	0
23	1029	0
25	1029	0
27	1029	0
29	1029	0
34	1030	0
37	1030	0
29	1031	0
11	1032	2
24	1032	0
26	1032	2
38	1032	2
26	1033	0
31	1033	0
27	1034	1
28	1034	0
38	1034	0
37	1035	1
3	1036	3
9	1036	0
31	1036	0
34	1036	0
7	1037	0
2	1038	0
7	1038	0
7	1039	0
34	1039	0
0	1040	0
35	1040	2
2	1041	0
6	1042	0
33	1042	0
37	1042	1
35	1043	0
32	1044	1
28	1045	0
2	1046	3
20	1046	1
37	1046	0
6	1047	0
10	1047	0
38	1047	0
20	1048	0
2	1049	0
9	1049	0
12	1049	0
37	1049	0
0	1050	0
16	1050	0
4	1051	0
11	1052	0
30	1053	0
35	1053	0
2	1054	3
7	1055	0
12	1055	0
32	1055	0
2	1056	3
30	1056	0
35	1056	2
3	1057	2
4	1057	1
20	1057	1
11	1058	0
22	1059	0
2	1060	0
4	1060	0
5	1060	0
26	1060	0
4	1061	0
15	1061	0
25	1062	0
38	1062	0
39	1063	0
25	1064	2
12	1065	0
22	1065	0
24	1065	0
26	1065	0
37	1065	0
4	1066	0
0	1067	1
9	1067	3
37	1068	3
25	1069	0
6	1070	0
12	1071	0
33	1072	0
34	1072	0
2	1073	1
25	1073	1
34	1073	1
16	1074	0
9	1075	0
15	1075	0
24	1075	0
32	1075	2
39	1075	2
38	1076	0
10	1077	0
11	1077	1
35	1077	2
39	1077	0
12	1078	0
19	1079	2
2	1080	3
6	1080	3
11	1080	0
34	1080	0
39	1080	0
22	1081	2
38	1082	0
18	1083	0
27	1083	0
29	1083	0
39	1083	3
2	1084	0
7	1084	0
6	1085	3
3	1086	0
39	1086	2
7	1087	3
8	1087	0
34	1087	2
37	1087	0
14	1088	1
28	1088	1
31	1088	1
35	1088	1
37	1088	1
38	1088	0
15	1089	1
37	1089	2
18	1090	1
38	1090	2
23	1091	0
16	1092	0
18	1092	0
38	1092	0
39	1092	0
31	1093	0
32	1093	0
9	1094	0
31	1094	0
11	1095	0
38	1095	3
6	1096	2
12	1096	0
35	1096	3
39	1096	0
15	1097	0
25	1098	0
17	1099	2
27	1100	1
30	1100	0
38	1101	0
39	1101	2
18	1102	2
34	1102	0
23	1103	0
26	1103	0
18	1104	2
18	1105	1
29	1105	0
39	1105	3
10	1106	0
12	1107	0
37	1107	0
25	1108	0
16	1109	0
35	1109	2
3	1110	0
4	1110	1
9	1110	1
9	1111	0
32	1112	0
39	1113	0
3	1114	2
9	1114	2
18	1114	2
9	1115	0
26	1115	0
33	1115	0
37	1115	0
4	1116	0
28	1116	0
29	1116	0
38	1117	1
23	1118	0
39	1118	0
9	1119	0
39	1119	0
39	1120	0
31	1121	0
35	1121	0
18	1122	0
26	1122	0
32	1122	0
11	1123	1
39	1123	1
30	1124	0
25	1125	2
28	1125	2
31	1125	2
35	1126	0
5	1127	1
35	1127	0
28	1128	0
18	1129	0
28	1129	0
35	1129	1
19	1130	0
38	1131	0
37	1132	0
36	1133	0
18	1134	3
25	1135	0
37	1135	0
0	1136	0
4	1136	0
23	1136	0
37	1136	0
12	1137	0
3	1138	3
9	1139	2
15	1139	0
38	1139	0
17	1140	3
9	1141	0
0	1142	0
34	1142	0
38	1143	0
15	1144	1
9	1145	0
29	1145	3
37	1146	0
11	1147	0
23	1147	0
3	1148	1
11	1148	1
31	1148	0
8	1149	1
25	1149	1
26	1149	1
12	1150	3
29	1150	3
33	1150	0
35	1150	0
37	1150	0
34	1151	1
37	1151	1
23	1152	0
9	1153	3
11	1153	2
15	1153	0
28	1153	3
11	1154	0
27	1154	0
38	1155	2
25	1156	0
37	1156	0
39	1156	1
30	1157	1
2	1158	0
0	1159	0
26	1159	1
11	1160	0
9	1161	1
16	1161	0
12	1162	2
37	1162	0
7	1163	0
31	1163	2
18	1164	3
37	1164	2
0	1165	2
22	1165	3
20	1166	0
4	1167	0
18	1168	0
29	1168	0
9	1169	0
16	1169	0
2	1170	0
3	1171	3
37	1171	0
11	1172	3
3	1173	0
27	1174	2
37	1174	0
39	1174	0
3	1175	0
37	1175	0
34	1176	0
6	1177	0
11	1177	1
27	1177	0
35	1178	0
38	1179	0
27	1180	2
9	1181	1
4	1182	0
37	1182	2
12	1183	0
16	1183	0
7	1184	0
36	1184	0
6	1185	0
9	1186	0
7	1187	0
20	1188	0
31	1188	0
9	1189	0
15	1190	0
18	1190	0
10	1191	0
12	1191	2
15	1191	2
15	1192	0
27	1192	0
35	1192	0
36	1192	1
2	1193	0
9	1193	3
22	1193	0
24	1193	0
31	1193	0
22	1194	3
38	1195	0
8	1196	0
20	1196	2
23	1196	0
26	1196	2
29	1196	0
19	1197	0
26	1198	0
9	1199	1
12	1199	2
20	1200	3
29	1200	0
34	1200	0
15	1201	0
7	1202	0
30	1202	0
14	1203	1
12	1204	3
18	1204	0
35	1204	0
18	1205	0
18	1206	3
9	1207	2
31	1207	0
37	1208	0
15	1209	3
30	1209	2
39	1210	0
26	1211	0
30	1211	0
34	1211	0
3	1212	2
2	1213	3
37	1213	1
4	1214	0
9	1214	0
23	1215	0
4	1216	0
31	1217	0
9	1218	3
9	1219	0
16	1220	0
38	1220	0
11	1221	0
39	1221	0
18	1222	1
16	1223	0
2	1224	0
30	1224	0
2	1225	1
8	1225	0
32	1225	0
26	1226	0
2	1227	1
9	1227	0
38	1228	0
9	1229	2
16	1229	0
39	1229	0
3	1230	1
37	1230	0
10	1231	2
26	1231	0
37	1231	0
35	1232	0
3	1233	0
16	1233	0
18	1233	1
26	1233	2
34	1233	0
3	1234	0
29	1235	0
31	1235	0
35	1235	0
29	1236	0
27	1237	0
25	1238	0
30	1239	1
37	1239	2
2	1240	3
9	1240	2
12	1240	0
25	1240	0
28	1240	0
29	1240	2
3	1241	2
11	1241	3
15	1241	0
18	1242	0
12	1243	0
18	1243	0
28	1243	0
39	1244	2
28	1245	0
23	1246	0
28	1246	0
39	1246	2
11	1247	2
14	1247	0
34	1248	0
16	1249	0
37	1249	0
29	1250	0
37	1251	0
37	1252	0
9	1253	0
38	1253	0
23	1254	0
30	1255	0
34	1255	0
37	1255	0
0	1256	0
12	1256	0
37	1257	0
4	1258	0
16	1258	0
7	1259	0
9	1260	0
10	1260	0
11	1260	0
12	1260	0
29	1260	1
35	1260	0
8	1261	1
35	1261	3
3	1262	0
4	1263	0
24	1264	0
26	1264	3
30	1264	0
37	1264	0
4	1265	0
2	1266	0
19	1267	2
16	1268	1
4	1269	0
27	1269	1
39	1269	0
16	1270	3
38	1270	0
7	1271	3
16	1271	1
7	1272	0
16	1272	0
37	1272	0
2	1273	1
16	1273	1
11	1274	0
4	1275	0
9	1275	0
15	1275	0
30	1275	0
5	1276	0
7	1276	0
9	1276	0
12	1276	3
17	1277	3
9	1278	0
15	1278	0
35	1278	0
11	1279	0
18	1280	0
39	1281	0
34	1282	0
9	1283	0
38	1283	0
4	1284	2
24	1284	0
6	1285	0
31	1285	0
38	1285	3
6	1286	0
35	1287	0
11	1288	0
15	1288	0
5	1289	2
15	1289	2
23	1289	1
9	1290	3
27	1290	1
39	1291	2
28	1292	3
36	1292	0
30	1293	0
11	1294	3
30	1295	0
11	1296	0
9	1297	2
27	1297	3
9	1298	3
26	1298	0
29	1299	1
39	1299	0
9	1300	2
15	1300	0
39	1300	3
18	1301	0
18	1302	3
22	1302	0
30	1302	0
38	1302	0
18	1303	0
39	1304	0
2	1305	2
9	1305	0
26	1305	0
18	1306	0
23	1306	0
25	1306	0
37	1306	0
2	1307	0
9	1307	0
37	1307	0
25	1308	0
27	1309	0
34	1310	0
37	1311	0
38	1311	0
9	1312	3
26	1312	0
30	1312	0
35	1312	0
14	1313	0
15	1313	0
2	1314	0
32	1314	3
29	1315	1
34	1315	0
7	1316	0
33	1316	3
34	1316	0
5	1317	0
16	1318	0
38	1318	0
22	1319	0
34	1320	0
4	1321	1
10	1322	0
29	1322	0
35	1322	0
7	1323	0
30	1324	0
4	1325	0
35	1325	0
34	1326	0
7	1327	0
6	1328	0
15	1328	0
17	1328	0
39	1328	1
0	1329	1
2	1329	1
3	1330	0
30	1330	0
30	1331	0
26	1332	0
9	1333	3
23	1333	0
36	1333	3
37	1333	3
9	1334	0
14	1334	0
14	1335	1
8	1336	0
10	1336	0
35	1336	0
31	1337	3
37	1338	0
38	1338	0
34	1339	0
20	1340	0
26	1341	0
4	1342	0
8	1342	0
12	1342	1
23	1342	0
19	1343	2
10	1344	0
11	1344	0
26	1345	2
8	1346	0
3	1347	1
23	1347	0
35	1347	0
17	1348	2
34	1349	1
4	1350	2
39	1350	0
29	1351	3
38	1351	2
15	1352	1
26	1352	0
35	1352	0
39	1352	0
4	1353	0
6	1353	0
39	1353	0
2	1354	0
3	1354	0
27	1354	1
18	1355	0
28	1355	0
39	1355	0
37	1356	0
39	1356	2
15	1357	1
36	1357	0
11	1358	0
12	1358	0
18	1358	0
31	1358	0
34	1358	0
38	1359	1
9	1360	0
2	1361	0
4	1361	0
9	1361	3
24	1361	0
39	1361	0
23	1362	0
31	1363	0
9	1364	1
8	1365	0
32	1366	0
7	1367	0
12	1367	0
7	1368	0
18	1368	0
8	1369	0
26	1369	0
3	1370	3
9	1371	0
16	1371	0
23	1371	0
35	1371	2
2	1372	0
34	1372	0
37	1373	0
26	1374	0
31	1374	0
25	1375	2
29	1375	2
11	1376	0
3	1377	2
9	1377	2
23	1377	1
26	1377	0
35	1377	0
2	1378	0
37	1378	0
24	1379	0
38	1379	3
9	1380	0
25	1380	2
37	1381	0
20	1382	1
29	1382	2
15	1383	1
18	1383	2
29	1383	0
0	1384	2
4	1384	2
35	1384	0
39	1384	0
6	1385	0
2	1386	0
6	1386	0
7	1386	0
32	1386	0
2	1387	0
3	1387	0
11	1388	2
29	1388	0
31	1388	0
4	1389	0
9	1389	0
36	1389	0
12	1390	3
37	1390	0
39	1390	3
11	1391	1
37	1391	0
2	1392	0
20	1392	0
35	1392	2
37	1393	0
39	1393	0
8	1394	0
24	1394	0
29	1394	0
8	1395	0
39	1396	1
35	1397	1
9	1398	3
15	1398	0
31	1398	0
37	1399	0
23	1400	0
18	1401	0
26	1401	0
3	1402	0
29	1402	0
30	1402	1
37	1402	0
17	1403	0
18	1404	0
32	1404	3
35	1404	0
4	1405	0
22	1405	2
31	1405	2
11	1406	2
25	1406	0
31	1406	3
37	1406	0
22	1407	1
3	1408	0
18	1409	2
29	1409	1
3	1410	0
7	1410	0
8	1410	0
11	1410	2
26	1410	0
12	1411	1
37	1411	2
38	1411	1
23	1412	0
2	1413	1
20	1413	0
31	1413	1
35	1413	3
36	1413	3
37	1413	1
9	1414	0
26	1414	0
3	1415	1
33	1415	0
2	1416	0
23	1417	0
12	1418	3
15	1418	3
39	1418	2
0	1419	3
10	1420	0
39	1420	2
25	1421	0
15	1422	2
37	1422	2
31	1423	0
7	1424	3
12	1424	2
2	1425	0
18	1425	0
34	1425	0
9	1426	3
31	1426	2
3	1427	0
26	1427	0
3	1428	2
3	1429	3
18	1430	2
37	1430	0
4	1431	0
24	1431	2
12	1432	0
26	1432	0
2	1433	0
18	1433	0
2	1434	1
14	1434	3
36	1435	1
31	1436	0
34	1437	1
28	1438	0
29	1438	2
38	1439	0
25	1440	0
38	1440	0
30	1441	0
31	1441	0
4	1442	2
32	1443	0
29	1444	0
32	1445	0
10	1446	0
39	1447	2
28	1448	0
37	1448	0
24	1449	0
37	1449	0
2	1450	0
3	1450	0
39	1450	2
39	1451	0
33	1452	0
33	1453	0
35	1454	2
15	1455	0
31	1455	0
35	1455	0
3	1456	3
12	1456	1
3	1457	0
25	1457	0
39	1457	3
26	1458	0
37	1459	0
0	1460	0
9	1461	3
12	1461	0
22	1461	2
26	1462	0
3	1463	0
31	1464	0
3	1465	3
15	1465	0
18	1465	0
36	1465	0
39	1465	2
18	1466	3
35	1466	0
38	1466	0
15	1467	2
39	1468	2
11	1469	0
38	1469	0
4	1470	0
35	1470	1
9	1471	0
16	1471	0
2	1472	0
10	1472	0
9	1473	0
38	1473	1
29	1474	2
32	1474	2
4	1475	1
12	1475	0
25	1475	0
15	1476	0
23	1476	0
26	1476	0
2	1477	0
27	1477	1
31	1477	0
25	1478	0
31	1478	0
32	1478	1
36	1478	0
23	1479	0
24	1480	0
31	1480	0
6	1481	0
18	1481	0
30	1481	0
35	1481	0
18	1482	0
34	1482	0
10	1483	2
18	1483	0
23	1483	0
35	1484	0
31	1485	1
9	1486	0
26	1486	0
29	1486	0
26	1487	0
35	1487	3
25	1488	0
29	1488	0
35	1488	2
39	1488	1
30	1489	0
35	1490	0
7	1491	0
16	1491	3
8	1492	0
9	1492	0
22	1492	0
23	1492	0
32	1492	3
39	1492	0
16	1493	0
31	1493	0
15	1494	0
9	1495	3
10	1495	2
34	1495	0
39	1495	1
4	1496	0
20	1496	0
34	1496	0
35	1496	3
38	1496	0
2	1497	0
26	1497	0
30	1497	0
38	1497	1
26	1498	0
37	1498	0
8	1499	0
0	1500	0
2	1500	0
8	1500	0
39	1501	0
2	1502	1
9	1503	1
12	1503	0
32	1503	2
2	1504	2
9	1504	0
12	1504	0
39	1505	3
29	1506	0
9	1507	1
23	1507	1
26	1507	3
27	1507	1
2	1508	2
32	1508	0
37	1509	0
4	1510	0
24	1510	0
31	1510	0
35	1510	0
15	1511	0
35	1511	2
37	1511	2
0	1512	0
37	1512	0
20	1513	0
23	1513	0
10	1514	2
12	1514	0
8	1515	0
9	1516	0
26	1516	1
36	1517	0
2	1518	1
35	1519	1
37	1519	1
4	1520	0
25	1520	0
36	1520	0
12	1521	2
26	1521	1
22	1522	0
25	1522	0
15	1523	0
25	1523	0
38	1523	0
5	1524	0
28	1525	0
20	1526	3
26	1527	0
23	1528	1
23	1529	0
29	1529	0
39	1529	2
39	1530	1
26	1531	0
0	1532	0
4	1532	0
39	1532	0
25	1533	2
31	1533	1
2	1534	0
18	1534	0
30	1534	3
20	1535	0
31	1535	0
8	1536	0
11	1537	0
31	1537	0
32	1537	0
9	1538	2
16	1538	0
27	1538	2
33	1539	0
3	1540	0
11	1540	0
35	1540	2
29	1541	0
32	1541	0
31	1542	0
34	1542	0
39	1543	0
2	1544	0
9	1544	0
15	1544	1
29	1545	0
4	1546	0
12	1546	0
24	1546	0
32	1546	0
11	1547	0
20	1547	2
37	1547	0
37	1548	0
18	1549	1
9	1550	0
4	1551	0
15	1551	0
15	1552	3
35	1552	0
37	1552	0
8	1553	0
11	1553	0
25	1553	0
37	1553	0
26	1554	0
32	1554	0
38	1554	3
36	1555	0
7	1556	0
11	1556	3
23	1556	0
3	1557	0
31	1557	0
7	1558	1
29	1558	0
30	1558	0
31	1559	0
3	1560	0
4	1561	3
11	1561	0
39	1561	1
31	1562	0
30	1563	0
26	1564	1
2	1565	0
22	1565	0
30	1565	0
37	1565	2
2	1566	1
11	1567	0
25	1567	0
34	1567	0
35	1568	0
23	1569	0
30	1570	0
2	1571	2
2	1572	0
25	1572	1
26	1573	0
2	1574	0
27	1575	0
12	1576	0
18	1576	0
33	1576	0
11	1577	1
22	1577	0
13	1578	0
25	1579	0
11	1580	1
26	1580	0
27	1580	3
29	1580	0
24	1581	0
37	1581	0
2	1582	1
28	1582	0
38	1582	0
31	1583	0
18	1584	0
4	1585	0
13	1586	0
2	1587	0
20	1587	0
34	1588	0
16	1589	0
0	1590	3
9	1590	0
31	1590	2
36	1590	0
3	1591	0
7	1591	0
20	1591	0
37	1591	0
39	1591	1
2	1592	0
3	1592	1
9	1593	0
9	1594	3
21	1594	1
31	1594	1
35	1594	3
18	1595	0
9	1596	0
7	1597	2
8	1597	0
37	1597	0
0	1598	0
3	1598	2
26	1598	0
29	1599	0
37	1599	0
3	1600	0
5	1600	0
4	1601	2
2	1602	0
32	1602	0
37	1602	0
39	1602	0
31	1603	0
9	1604	0
20	1605	3
29	1605	0
32	1605	2
8	1606	0
29	1606	0
2	1607	0
25	1607	3
37	1608	1
18	1609	0
34	1609	0
37	1609	0
38	1609	0
15	1610	1
10	1611	0
39	1612	0
3	1613	1
18	1613	0
28	1614	1
9	1615	1
15	1615	1
28	1615	0
30	1615	0
35	1615	0
39	1615	1
3	1616	0
11	1616	0
23	1616	0
31	1616	0
37	1616	0
29	1617	0
29	1618	2
25	1619	0
32	1619	0
26	1620	1
28	1620	1
3	1621	0
30	1621	0
34	1621	0
35	1621	0
9	1622	0
24	1622	2
32	1622	0
3	1623	2
33	1623	2
35	1623	0
29	1624	0
13	1625	0
7	1626	0
29	1626	0
31	1626	2
2	1627	1
11	1627	3
37	1627	0
38	1628	0
31	1629	2
7	1630	0
6	1631	0
2	1632	0
9	1633	2
11	1634	3
25	1634	0
35	1635	1
36	1635	0
16	1636	0
23	1636	0
26	1636	0
37	1636	0
34	1637	0
24	1638	2
32	1638	0
35	1638	1
30	1639	0
38	1640	2
22	1641	2
28	1641	0
24	1642	1
29	1642	1
2	1643	3
2	1644	0
2	1645	0
34	1645	0
2	1646	3
11	1646	0
35	1646	0
39	1646	0
18	1647	0
39	1648	1
2	1649	1
29	1649	2
2	1650	0
4	1651	0
10	1651	2
22	1651	0
29	1651	0
31	1651	0
9	1652	0
39	1652	0
2	1653	3
20	1654	0
31	1654	0
37	1655	0
32	1656	1
37	1656	0
31	1657	1
39	1657	0
35	1658	3
20	1659	0
37	1660	2
38	1660	1
3	1661	1
22	1662	0
38	1662	1
9	1663	0
35	1664	2
0	1665	0
8	1665	0
38	1665	1
16	1666	0
39	1666	0
38	1667	0
18	1668	0
28	1668	1
3	1669	0
18	1669	0
34	1669	0
6	1670	3
25	1670	1
30	1670	0
3	1671	0
19	1672	3
9	1673	3
32	1673	0
12	1674	0
18	1674	0
18	1675	0
32	1675	0
4	1676	3
35	1676	1
37	1676	1
29	1677	2
33	1678	0
12	1679	0
14	1680	2
37	1680	0
6	1681	0
18	1681	0
29	1681	0
3	1682	0
9	1682	0
16	1683	0
26	1683	0
31	1683	0
35	1684	1
12	1685	0
12	1686	0
33	1687	2
39	1688	3
24	1689	2
9	1690	0
36	1690	0
37	1690	2
11	1691	0
12	1691	0
23	1691	0
2	1692	2
11	1692	3
4	1693	0
18	1693	0
3	1694	0
16	1694	0
15	1695	0
35	1695	0
2	1696	0
6	1696	0
7	1696	0
26	1696	0
0	1697	0
7	1697	3
26	1697	0
37	1697	0
11	1698	1
6	1699	0
15	1699	0
15	1700	0
12	1701	0
6	1702	3
39	1703	0
26	1704	0
31	1704	0
32	1704	1
18	1705	1
23	1706	0
25	1706	0
2	1707	0
3	1707	2
12	1707	0
29	1707	2
6	1708	3
9	1709	0
2	1710	0
5	1710	0
0	1711	0
6	1711	0
16	1711	0
29	1711	0
32	1711	0
24	1712	0
15	1713	0
31	1713	0
37	1713	0
38	1714	0
3	1715	0
2	1716	0
39	1716	0
29	1717	0
12	1718	0
26	1718	1
32	1718	0
37	1718	0
9	1719	0
12	1720	0
2	1721	0
3	1722	0
36	1722	0
24	1723	0
12	1724	0
22	1725	0
11	1726	0
0	1727	0
24	1728	0
37	1728	0
12	1729	3
37	1729	0
24	1730	2
2	1731	2
39	1731	0
34	1732	0
35	1732	0
37	1733	0
37	1734	0
6	1735	0
27	1736	0
2	1737	0
29	1737	0
34	1737	0
38	1738	0
23	1739	0
29	1739	0
16	1740	0
37	1740	0
38	1740	0
4	1741	0
25	1741	0
31	1741	1
16	1742	0
31	1743	2
8	1744	0
12	1744	0
38	1744	3
17	1745	0
2	1746	0
6	1746	0
15	1746	0
26	1746	0
38	1746	0
9	1747	1
39	1747	0
10	1748	0
2	1749	2
7	1749	0
9	1749	2
20	1750	0
9	1751	2
26	1751	0
11	1752	0
23	1752	0
5	1753	0
39	1754	0
4	1755	1
14	1756	0
15	1757	0
25	1757	3
25	1758	0
39	1758	3
33	1759	0
7	1760	0
16	1760	0
26	1761	0
38	1762	0
24	1763	0
38	1763	0
24	1764	0
12	1765	0
2	1766	0
7	1766	0
23	1766	3
37	1766	0
24	1767	0
7	1768	0
9	1768	0
35	1768	0
25	1769	0
37	1769	0
25	1770	1
18	1771	0
30	1771	0
16	1772	0
18	1772	1
34	1772	0
7	1773	2
30	1774	0
37	1774	2
3	1775	0
8	1775	2
30	1775	2
9	1776	0
26	1776	0
32	1776	1
34	1777	0
38	1777	0
4	1778	0
8	1778	0
9	1779	0
13	1779	0
18	1779	0
2	1780	0
31	1780	0
38	1780	0
3	1781	2
20	1782	0
27	1782	2
32	1782	0
37	1782	0
25	1783	0
36	1783	0
16	1784	0
2	1785	0
4	1785	3
26	1785	0
39	1785	1
25	1786	3
4	1787	0
25	1787	1
0	1788	0
20	1788	0
26	1788	1
37	1788	0
11	1789	0
39	1789	0
14	1790	0
25	1791	0
26	1791	0
34	1792	0
35	1793	0
23	1794	2
25	1795	0
29	1795	1
26	1796	0
26	1797	0
34	1797	0
35	1797	0
39	1797	1
2	1798	0
3	1798	2
31	1798	1
0	1799	0
18	1799	0
23	1799	0
38	1799	3
18	1800	0
4	1801	3
35	1802	0
25	1803	2
38	1804	3
15	1805	0
22	1805	0
31	1805	0
38	1805	2
0	1806	2
3	1806	0
22	1807	3
2	1808	0
26	1808	0
29	1808	0
34	1808	0
38	1808	0
23	1809	0
26	1809	0
24	1810	0
39	1810	0
5	1811	0
7	1811	0
12	1811	0
23	1811	0
15	1812	0
3	1813	1
23	1813	1
32	1813	1
4	1814	0
11	1814	0
35	1814	0
16	1815	0
4	1816	1
6	1816	0
20	1816	0
29	1816	0
30	1816	1
37	1816	0
2	1817	1
31	1817	0
37	1818	0
15	1819	2
24	1819	0
28	1820	0
2	1821	0
18	1821	0
34	1821	0
18	1822	0
34	1822	0
0	1823	0
3	1823	0
36	1823	0
12	1824	2
2	1825	0
18	1825	1
33	1825	0
34	1826	2
37	1826	2
38	1826	2
31	1827	0
27	1828	0
34	1828	0
39	1828	2
23	1829	2
23	1830	0
28	1831	0
9	1832	1
29	1832	1
34	1832	0
24	1833	0
8	1834	0
14	1835	0
33	1836	0
39	1836	0
16	1837	1
31	1838	0
37	1838	0
27	1839	0
27	1840	0
3	1841	2
12	1841	0
18	1841	0
30	1841	0
38	1841	0
29	1842	0
29	1843	0
24	1844	2
26	1844	0
37	1844	0
18	1845	2
0	1846	1
4	1847	1
38	1847	3
33	1848	0
3	1849	0
18	1849	3
4	1850	0
7	1850	3
5	1851	0
25	1852	0
35	1852	1
25	1853	0
26	1853	0
37	1853	1
39	1854	1
38	1855	3
23	1856	2
37	1856	0
23	1857	0
39	1857	2
18	1858	3
7	1859	0
12	1859	1
29	1859	0
37	1859	0
2	1860	1
4	1860	0
11	1860	0
26	1860	2
25	1861	2
2	1862	1
5	1863	0
0	1864	0
4	1865	0
34	1865	0
12	1866	1
26	1866	1
25	1867	0
2	1868	0
18	1868	2
38	1868	0
26	1869	0
7	1870	0
11	1870	0
39	1870	0
23	1871	1
2	1872	3
15	1872	0
26	1872	0
4	1873	0
9	1873	0
11	1874	0
26	1874	0
33	1874	0
9	1875	0
26	1875	0
2	1876	0
37	1876	0
14	1877	0
32	1877	0
30	1878	0
12	1879	0
15	1879	3
25	1880	0
32	1880	0
38	1880	0
4	1881	0
37	1881	0
11	1882	0
34	1882	0
23	1883	1
26	1883	1
29	1883	1
37	1884	3
3	1885	0
29	1886	0
4	1887	0
6	1887	0
15	1887	0
16	1887	0
37	1887	0
38	1887	2
9	1888	1
7	1889	0
39	1889	0
26	1890	0
37	1890	3
20	1891	0
24	1891	0
0	1892	0
7	1892	0
29	1892	0
37	1892	0
9	1893	0
25	1893	0
31	1894	0
0	1895	0
2	1895	0
15	1895	3
7	1896	0
29	1897	0
23	1898	0
29	1898	0
33	1898	0
9	1899	1
16	1899	0
32	1899	3
38	1899	1
4	1900	0
15	1900	0
18	1900	0
31	1900	3
5	1901	0
15	1902	0
2	1903	0
3	1903	0
11	1903	0
15	1903	0
16	1903	0
18	1903	0
24	1903	0
25	1903	0
38	1903	2
7	1904	0
23	1904	0
25	1904	0
39	1904	0
11	1905	0
25	1905	0
3	1906	1
39	1907	0
15	1908	0
31	1908	0
4	1909	0
37	1909	0
2	1910	0
18	1910	2
30	1910	3
9	1911	0
30	1911	0
28	1912	0
1	1913	0
9	1913	0
7	1914	0
29	1914	0
15	1915	0
24	1915	2
4	1916	2
30	1916	2
4	1917	0
26	1918	0
30	1918	0
4	1919	2
10	1919	0
12	1920	0
12	1921	0
26	1921	0
4	1922	0
26	1922	0
25	1923	0
2	1924	1
15	1925	1
4	1926	0
23	1926	0
0	1927	0
12	1927	0
30	1928	0
9	1929	1
12	1930	3
31	1930	1
38	1930	1
11	1931	3
15	1931	1
22	1931	1
4	1932	2
37	1932	0
3	1933	0
26	1933	0
31	1933	2
22	1934	0
4	1935	0
5	1936	3
32	1936	2
2	1937	0
18	1937	0
9	1938	1
11	1938	0
12	1939	0
30	1939	3
2	1940	0
34	1940	0
15	1941	0
10	1942	0
20	1942	1
35	1942	0
26	1943	0
36	1944	0
26	1945	0
27	1945	1
26	1946	1
18	1947	1
20	1947	0
25	1947	0
29	1947	0
3	1948	0
18	1948	1
29	1948	0
30	1948	0
18	1949	0
37	1949	0
39	1949	0
5	1950	0
15	1950	0
31	1950	0
13	1951	0
26	1952	1
30	1953	0
7	1954	0
2	1955	0
3	1955	0
38	1956	0
4	1957	0
9	1957	0
29	1958	0
3	1959	0
39	1959	0
3	1960	0
4	1960	0
19	1960	0
3	1961	0
26	1961	0
26	1962	0
32	1962	0
32	1963	3
11	1964	0
32	1965	0
39	1965	0
32	1966	0
34	1967	0
2	1968	0
26	1968	0
30	1968	0
29	1969	0
30	1970	1
9	1971	3
18	1971	1
18	1972	0
38	1973	0
0	1974	0
26	1974	2
29	1974	0
11	1975	0
23	1975	0
32	1975	0
38	1975	0
20	1976	0
26	1976	0
35	1976	2
23	1977	0
26	1977	0
3	1978	2
12	1978	0
5	1979	0
26	1980	0
32	1980	0
35	1980	3
35	1981	2
3	1982	0
9	1982	3
31	1982	0
37	1982	3
16	1983	0
22	1983	1
15	1984	0
27	1984	0
12	1985	3
18	1985	0
27	1986	1
6	1987	2
23	1987	0
37	1987	0
11	1988	0
30	1988	0
34	1988	0
4	1989	1
11	1989	0
4	1990	0
27	1990	0
35	1990	0
1	1991	0
8	1991	0
10	1991	0
23	1991	0
23	1992	0
31	1992	0
2	1993	0
12	1993	0
3	1994	2
8	1994	3
15	1994	2
35	1994	0
39	1994	0
4	1995	0
11	1995	0
23	1995	3
38	1995	1
0	1996	2
23	1996	0
34	1996	0
37	1996	0
39	1996	0
12	1997	0
16	1997	0
3	1998	0
9	1998	0
12	1999	1
30	1999	0
31	1999	0
33	1999	3
6	2000	0
11	2000	0
11	2001	2
18	2002	0
23	2002	0
2	2003	3
26	2003	0
9	2004	0
31	2004	0
35	2004	3
8	2005	0
16	2005	1
0	2006	0
7	2007	0
2	2008	1
24	2008	0
12	2009	0
28	2010	0
34	2010	0
38	2010	0
6	2011	0
8	2012	2
11	2012	0
3	2013	0
26	2013	0
25	2014	0
9	2015	3
12	2015	0
8	2016	0
25	2016	0
9	2017	0
12	2017	0
30	2017	0
38	2017	0
30	2018	0
37	2018	0
8	2019	0
9	2020	2
23	2020	0
23	2021	0
26	2022	0
9	2023	0
39	2023	0
7	2024	0
8	2024	0
20	2024	1
37	2024	0
4	2025	3
9	2025	0
35	2026	0
15	2027	0
4	2028	0
20	2028	0
10	2029	0
18	2029	0
34	2029	0
35	2030	0
2	2031	0
27	2031	3
38	2031	0
12	2032	0
27	2032	0
32	2032	2
38	2032	2
19	2033	0
35	2034	0
16	2035	0
18	2035	0
29	2035	0
32	2035	0
38	2035	1
31	2036	0
4	2037	0
24	2037	0
35	2037	2
4	2038	1
26	2039	0
35	2039	3
2	2040	3
5	2040	0
7	2040	0
12	2040	3
32	2040	1
37	2040	3
0	2041	0
15	2041	0
33	2042	2
2	2043	3
24	2043	0
34	2043	0
11	2044	2
20	2044	0
10	2045	0
39	2046	0
20	2047	1
6	2048	0
0	2049	0
18	2049	1
32	2049	0
26	2050	0
31	2050	0
34	2050	0
17	2051	3
3	2052	2
34	2052	0
37	2052	3
8	2053	0
12	2053	0
7	2054	0
9	2054	0
15	2055	3
35	2055	1
8	2056	0
26	2056	0
38	2056	0
2	2057	2
3	2057	2
9	2057	2
23	2057	2
0	2058	0
4	2058	0
9	2058	0
37	2058	1
39	2058	1
4	2059	0
18	2060	0
25	2060	0
39	2060	3
27	2061	3
7	2062	0
16	2062	0
31	2063	0
39	2063	0
24	2064	0
32	2065	0
38	2065	3
18	2066	2
38	2066	3
23	2067	0
6	2068	0
24	2068	0
37	2068	0
23	2069	0
35	2069	2
38	2069	0
38	2070	2
26	2071	1
15	2072	0
37	2073	0
4	2074	0
23	2074	0
29	2074	0
16	2075	0
33	2075	0
35	2075	0
38	2075	0
29	2076	0
34	2076	0
35	2076	3
20	2077	0
31	2077	0
35	2078	1
37	2078	1
20	2079	1
25	2079	0
18	2080	1
9	2081	3
34	2081	0
2	2082	1
5	2082	1
12	2082	2
20	2082	1
7	2083	0
37	2083	0
26	2084	0
16	2085	0
29	2085	0
37	2085	0
38	2085	0
4	2086	1
4	2087	0
9	2087	2
11	2087	0
18	2087	0
12	2088	0
23	2088	0
26	2088	1
18	2089	0
0	2090	0
9	2090	2
15	2090	0
20	2090	0
39	2090	2
2	2091	0
37	2091	0
23	2092	0
0	2093	1
16	2093	0
32	2093	0
15	2094	0
32	2094	1
2	2095	0
12	2095	0
37	2095	0
7	2096	3
9	2096	0
15	2096	2
12	2097	0
2	2098	0
30	2098	3
38	2098	0
4	2099	1
11	2099	0
7	2100	0
24	2100	0
38	2100	1
11	2101	0
25	2101	0
26	2101	0
35	2101	0
15	2102	0
34	2102	0
25	2103	2
38	2103	2
4	2104	0
18	2104	0
31	2105	0
34	2105	0
35	2106	2
11	2107	0
32	2107	1
35	2107	3
2	2108	3
38	2108	0
32	2109	2
35	2110	0
39	2110	0
4	2111	3
35	2111	0
39	2111	1
3	2112	1
10	2112	0
15	2113	3
9	2114	0
23	2114	2
3	2115	3
35	2116	1
35	2117	0
35	2118	1
37	2118	0
16	2119	2
25	2119	2
26	2119	2
31	2119	0
23	2120	0
28	2121	0
39	2121	2
9	2122	0
14	2122	0
27	2122	0
38	2123	0
4	2124	2
9	2124	0
27	2124	0
11	2125	0
30	2125	0
2	2126	2
4	2126	0
20	2126	0
31	2126	0
36	2126	0
8	2127	0
18	2128	2
5	2129	0
7	2130	0
31	2130	0
33	2130	0
4	2131	0
7	2131	0
15	2132	0
11	2133	3
12	2133	0
24	2133	0
29	2133	2
4	2134	0
23	2134	3
38	2134	0
7	2135	0
26	2135	2
37	2135	0
13	2136	2
4	2137	0
18	2137	1
36	2137	1
37	2137	0
30	2138	2
12	2139	0
32	2139	0
11	2140	2
15	2140	0
11	2141	0
21	2142	0
12	2143	0
29	2143	0
37	2143	0
11	2144	1
30	2144	0
12	2145	0
18	2145	0
29	2146	0
7	2147	0
15	2147	0
16	2147	0
25	2147	0
0	2148	0
16	2148	0
37	2148	0
12	2149	0
35	2149	0
25	2150	0
31	2150	0
36	2150	0
37	2150	0
9	2151	0
26	2151	2
34	2151	0
14	2152	0
0	2153	0
21	2153	0
12	2154	0
38	2154	0
38	2155	2
26	2156	0
15	2157	0
26	2157	1
35	2157	0
36	2158	0
11	2159	0
23	2159	0
25	2159	0
30	2159	0
24	2160	0
35	2160	3
12	2161	0
4	2162	0
2	2163	1
23	2163	0
37	2163	0
4	2164	0
35	2165	0
11	2166	1
0	2167	0
7	2167	0
34	2167	0
9	2168	2
11	2169	1
25	2170	0
26	2170	2
0	2171	0
22	2171	0
23	2171	0
26	2171	0
27	2171	0
8	2172	0
9	2172	0
33	2173	0
23	2174	0
29	2175	0
9	2176	1
29	2176	0
25	2177	0
27	2177	0
9	2178	0
9	2179	0
11	2180	0
4	2181	2
11	2181	2
39	2181	2
2	2182	0
8	2182	0
10	2182	0
7	2183	0
4	2184	0
4	2185	0
18	2185	3
8	2186	0
0	2187	0
31	2187	0
9	2188	0
15	2188	0
31	2188	0
3	2189	0
35	2189	0
3	2190	1
10	2191	0
20	2191	1
25	2191	0
32	2191	0
39	2191	2
7	2192	0
34	2193	0
37	2194	0
18	2195	0
32	2195	0
34	2195	0
25	2196	0
37	2196	1
9	2197	1
11	2197	0
39	2197	0
34	2198	0
34	2199	0
7	2200	0
15	2200	0
31	2200	0
2	2201	0
8	2201	0
12	2201	0
35	2201	1
18	2202	3
35	2203	0
16	2204	0
37	2204	0
39	2204	0
31	2205	0
2	2206	2
11	2206	1
15	2206	0
23	2206	3
18	2207	0
7	2208	0
37	2208	2
34	2209	0
35	2209	0
4	2210	0
26	2210	0
9	2211	3
37	2211	0
39	2211	1
37	2212	0
18	2213	0
38	2213	0
39	2213	3
32	2214	0
35	2214	0
7	2215	2
31	2216	3
38	2216	0
37	2217	3
38	2217	0
20	2218	0
23	2218	0
34	2219	1
18	2220	3
39	2221	0
2	2222	0
7	2222	0
15	2223	0
25	2223	0
9	2224	0
18	2224	0
22	2225	0
2	2226	0
30	2226	0
23	2227	0
29	2228	2
8	2229	1
18	2230	0
22	2230	0
30	2230	0
38	2230	2
37	2231	0
2	2232	0
12	2233	2
15	2233	2
29	2234	0
15	2235	0
37	2235	0
3	2236	3
4	2236	0
34	2236	0
4	2237	0
15	2237	2
23	2238	0
2	2239	3
2	2240	0
25	2240	0
0	2241	2
10	2241	0
16	2241	2
18	2241	3
39	2241	1
7	2242	0
11	2242	2
37	2242	0
11	2243	1
15	2244	0
30	2244	0
31	2244	3
32	2244	0
37	2244	3
29	2245	0
31	2246	0
23	2247	0
35	2248	0
26	2249	1
8	2250	2
3	2251	2
11	2251	0
31	2252	1
0	2253	1
8	2253	3
37	2253	1
9	2254	1
15	2254	1
16	2254	1
9	2255	1
20	2255	1
26	2255	1
37	2255	1
18	2256	0
4	2257	2
6	2257	2
3	2258	0
14	2258	0
34	2259	0
39	2259	2
3	2260	0
11	2260	0
37	2260	0
37	2261	0
7	2262	0
23	2262	0
27	2263	1
2	2264	0
11	2264	2
24	2264	0
37	2264	0
25	2265	0
2	2266	0
37	2267	0
2	2268	3
37	2268	0
0	2269	0
28	2269	0
35	2269	0
37	2269	0
29	2270	2
31	2270	2
36	2270	0
2	2271	0
8	2271	0
30	2271	0
9	2272	0
39	2273	0
12	2274	0
36	2274	0
29	2275	0
3	2276	0
32	2276	0
2	2277	2
22	2277	1
7	2278	0
34	2278	0
35	2278	0
37	2278	0
16	2279	0
22	2279	0
9	2280	0
25	2280	0
26	2280	0
12	2281	3
15	2281	0
21	2281	2
34	2281	0
4	2282	0
29	2282	0
11	2283	1
31	2283	0
12	2284	0
36	2284	0
25	2285	0
30	2285	0
30	2286	1
18	2287	0
32	2287	0
27	2288	0
7	2289	0
31	2289	0
35	2289	0
37	2289	0
26	2290	2
39	2290	3
4	2291	0
3	2292	3
8	2292	0
38	2292	0
39	2293	0
9	2294	0
34	2295	0
12	2296	0
37	2296	0
29	2297	0
10	2298	0
4	2299	1
14	2299	3
20	2300	1
37	2301	0
39	2301	2
31	2302	0
37	2303	0
15	2304	0
31	2304	0
7	2305	0
9	2305	3
39	2305	0
2	2306	3
3	2307	2
23	2307	0
37	2308	0
15	2309	0
38	2309	0
23	2310	0
24	2310	0
25	2310	0
4	2311	1
32	2311	0
29	2312	0
4	2313	2
18	2313	0
6	2314	0
31	2314	0
38	2314	0
7	2315	1
16	2316	2
24	2316	2
28	2316	2
31	2316	2
27	2317	0
4	2318	1
23	2318	0
25	2318	0
26	2319	0
29	2319	0
39	2319	3
18	2320	0
10	2321	2
26	2321	0
34	2321	0
37	2321	0
35	2322	2
2	2323	0
3	2323	3
34	2323	0
12	2324	0
37	2324	0
3	2325	0
2	2326	0
9	2326	2
23	2327	0
20	2328	0
2	2329	0
23	2329	0
35	2329	2
18	2330	0
23	2330	0
25	2330	3
0	2331	0
18	2331	0
37	2331	0
23	2332	0
12	2333	0
18	2333	0
25	2333	0
34	2333	0
30	2334	0
35	2334	0
9	2335	0
39	2335	1
35	2336	0
9	2337	1
12	2337	1
15	2337	1
25	2337	0
18	2338	0
7	2339	0
9	2339	0
18	2339	2
29	2340	3
11	2341	3
16	2341	0
37	2341	0
32	2342	0
18	2343	0
12	2344	0
24	2344	0
25	2344	0
6	2345	1
8	2345	0
35	2345	0
2	2346	0
2	2347	0
11	2347	0
29	2348	0
23	2349	0
39	2349	0
4	2350	1
9	2350	1
11	2350	0
16	2350	1
27	2351	0
37	2351	0
4	2352	1
8	2352	1
15	2352	1
31	2352	3
15	2353	0
2	2354	0
16	2355	0
5	2356	1
20	2356	1
2	2357	0
15	2357	0
25	2357	0
37	2357	0
23	2358	0
26	2358	3
27	2358	0
35	2358	0
23	2359	0
16	2360	0
11	2361	0
2	2362	0
34	2363	0
35	2363	1
15	2364	0
22	2364	3
26	2364	0
32	2365	0
33	2365	0
11	2366	3
39	2366	2
7	2367	0
20	2367	0
35	2367	0
39	2367	2
5	2368	3
31	2368	2
2	2369	0
12	2369	2
31	2369	0
37	2369	0
29	2370	0
38	2370	3
25	2371	0
35	2371	0
7	2372	0
10	2373	0
0	2374	0
34	2374	0
37	2374	0
39	2374	0
35	2375	0
9	2376	0
22	2376	1
16	2377	0
35	2377	0
23	2378	1
34	2379	0
2	2380	0
34	2380	2
35	2380	0
2	2381	0
4	2382	0
12	2382	1
36	2382	0
9	2383	3
4	2384	1
6	2384	3
25	2385	0
4	2386	0
18	2386	0
37	2387	0
20	2388	3
9	2389	1
7	2390	0
34	2390	0
3	2391	0
16	2391	0
33	2391	0
4	2392	0
18	2392	0
25	2392	3
30	2393	0
18	2394	0
38	2394	0
2	2395	3
25	2395	0
35	2396	0
3	2397	0
14	2397	0
34	2398	3
18	2399	0
32	2399	1
23	2400	0
8	2401	0
15	2401	3
34	2401	0
4	2402	0
11	2402	0
22	2402	0
28	2403	2
30	2403	0
11	2404	1
12	2404	0
37	2404	0
20	2405	0
2	2406	0
32	2406	0
35	2407	0
26	2408	0
29	2408	0
38	2408	0
2	2409	2
15	2409	0
37	2410	2
5	2411	0
9	2411	0
24	2412	0
27	2413	3
29	2413	0
7	2414	0
2	2415	0
3	2415	0
9	2415	0
10	2415	0
23	2415	2
32	2415	0
16	2416	2
23	2416	2
26	2416	1
7	2417	0
32	2418	0
39	2418	0
7	2419	0
12	2419	0
7	2420	0
30	2420	0
35	2420	0
0	2421	0
9	2421	1
30	2421	0
32	2421	2
35	2421	2
39	2421	2
26	2422	1
34	2422	0
33	2423	0
15	2424	2
25	2424	0
27	2424	0
12	2425	0
31	2425	0
35	2425	0
37	2425	0
38	2426	2
29	2427	0
35	2427	0
2	2428	0
4	2428	0
23	2428	0
29	2428	0
3	2429	0
11	2430	0
5	2431	0
6	2431	2
9	2431	0
24	2431	0
35	2431	1
38	2431	0
7	2432	0
11	2432	0
29	2432	0
34	2432	1
3	2433	0
29	2434	0
2	2435	0
7	2436	0
11	2436	0
38	2436	0
9	2437	0
18	2437	1
34	2437	1
6	2438	0
34	2438	0
23	2439	3
9	2440	0
15	2440	3
18	2440	0
6	2441	0
18	2441	1
26	2441	0
37	2441	0
37	2442	2
27	2443	3
9	2444	3
35	2444	0
18	2445	0
26	2445	0
23	2446	0
30	2446	0
29	2447	0
34	2447	0
4	2448	0
9	2449	0
24	2449	0
7	2450	0
16	2450	0
36	2450	0
7	2451	0
34	2451	0
38	2451	2
4	2452	0
7	2452	0
22	2452	3
36	2452	0
18	2453	0
28	2453	0
37	2454	0
16	2455	0
35	2455	2
13	2456	0
27	2457	0
12	2458	0
0	2459	0
12	2459	0
18	2459	0
25	2459	0
6	2460	0
18	2460	2
24	2460	0
32	2460	0
15	2461	0
26	2461	1
32	2461	0
39	2461	0
7	2462	0
10	2462	0
37	2462	0
18	2463	0
25	2463	0
35	2463	0
0	2464	1
12	2464	0
38	2465	1
37	2466	1
15	2467	0
5	2468	0
21	2469	0
34	2470	2
3	2471	1
29	2471	3
37	2471	0
30	2472	0
12	2473	0
21	2473	0
31	2473	0
3	2474	2
31	2474	0
38	2474	0
18	2475	0
10	2476	0
37	2476	0
8	2477	0
11	2477	0
33	2477	0
37	2477	0
12	2478	0
7	2479	0
35	2479	0
39	2479	2
26	2480	0
37	2481	1
2	2482	1
4	2482	1
18	2482	0
30	2482	0
7	2483	0
35	2483	3
16	2484	0
2	2485	0
38	2485	0
16	2486	0
18	2487	1
22	2487	1
26	2488	0
20	2489	0
11	2490	1
34	2490	0
23	2491	0
31	2491	3
5	2492	0
26	2493	0
20	2494	0
18	2495	0
37	2495	1
6	2496	0
16	2496	0
37	2496	0
24	2497	0
33	2497	0
3	2498	2
25	2498	0
26	2498	0
10	2499	0
9	2500	2
15	2500	2
30	2500	0
39	2500	3
31	2501	0
38	2501	0
2	2502	0
16	2503	0
38	2504	0
26	2505	0
38	2506	0
9	2507	1
22	2507	2
37	2507	0
18	2508	0
8	2509	3
2	2510	0
4	2510	0
15	2510	0
26	2510	0
2	2511	3
30	2511	0
7	2512	0
26	2512	1
4	2513	0
35	2513	2
3	2514	2
14	2514	0
30	2514	1
34	2514	0
8	2515	0
29	2515	0
37	2516	0
37	2517	0
36	2518	0
6	2519	0
37	2519	0
29	2520	2
32	2520	0
39	2521	2
18	2522	0
23	2522	0
29	2522	0
14	2523	0
32	2523	1
4	2524	0
31	2524	0
22	2525	0
31	2526	0
16	2527	0
26	2527	0
34	2528	3
12	2529	0
23	2529	2
25	2529	0
16	2530	1
2	2531	0
24	2532	0
25	2532	0
39	2533	0
25	2534	0
31	2534	0
2	2535	0
39	2535	3
4	2536	0
24	2536	0
25	2536	0
28	2536	0
4	2537	0
16	2537	0
30	2537	0
34	2538	0
7	2539	0
18	2539	0
29	2539	0
30	2539	0
36	2539	0
2	2540	1
11	2540	0
30	2540	0
29	2541	0
32	2541	2
38	2541	0
37	2542	0
4	2543	3
37	2543	0
1	2544	0
11	2544	3
23	2545	3
38	2546	0
9	2547	0
35	2547	3
3	2548	0
11	2548	0
12	2548	0
18	2548	0
12	2549	0
18	2549	0
26	2550	0
37	2550	0
39	2550	0
18	2551	2
28	2551	2
20	2552	0
38	2552	3
26	2553	0
35	2554	1
12	2555	0
26	2555	0
32	2555	1
39	2555	2
9	2556	0
11	2556	0
37	2556	0
31	2557	3
2	2558	0
20	2558	2
31	2559	0
0	2560	0
3	2561	0
12	2561	0
16	2561	0
26	2561	2
38	2562	0
4	2563	0
0	2564	0
25	2565	0
26	2565	0
37	2565	0
11	2566	0
38	2566	0
11	2567	0
16	2567	1
15	2568	0
18	2569	0
20	2570	0
16	2571	0
23	2571	0
39	2572	0
11	2573	0
26	2573	0
12	2574	0
34	2574	0
26	2575	0
4	2576	0
16	2576	0
31	2576	3
18	2577	1
2	2578	0
23	2578	0
36	2579	0
12	2580	0
29	2580	0
2	2581	3
12	2581	0
18	2581	3
30	2581	0
37	2582	0
23	2583	0
31	2583	2
37	2583	0
39	2583	2
33	2584	0
15	2585	0
26	2585	0
11	2586	2
18	2586	1
3	2587	0
35	2587	3
5	2588	0
27	2589	0
8	2590	0
12	2591	0
22	2591	0
38	2591	1
2	2592	3
7	2592	0
34	2592	0
39	2592	0
18	2593	3
23	2594	2
37	2594	2
39	2594	3
2	2595	0
25	2595	0
30	2595	2
31	2595	0
11	2596	2
16	2597	0
0	2598	1
2	2599	0
1	2600	0
15	2601	0
34	2601	3
15	2602	2
24	2603	0
25	2603	0
38	2603	3
39	2603	0
12	2604	0
34	2604	1
35	2604	1
37	2604	1
3	2605	3
12	2605	1
25	2605	1
16	2606	0
18	2606	0
26	2606	0
30	2606	0
9	2607	0
4	2608	2
38	2609	0
4	2610	0
34	2610	0
37	2610	0
4	2611	0
16	2611	0
9	2612	0
39	2612	1
9	2613	1
7	2614	0
8	2614	1
10	2614	0
15	2615	3
25	2615	0
29	2615	0
33	2615	0
2	2616	0
4	2617	3
22	2617	0
39	2618	0
15	2619	0
26	2619	1
16	2620	0
35	2621	0
6	2622	0
38	2623	1
25	2624	0
27	2624	0
32	2624	3
6	2625	0
9	2625	0
37	2625	0
8	2626	0
35	2626	0
2	2627	0
4	2627	0
26	2627	0
37	2627	0
15	2628	0
23	2628	0
36	2628	1
38	2628	2
25	2629	3
4	2630	2
32	2630	0
3	2631	1
9	2631	0
2	2632	1
3	2632	0
28	2632	1
29	2633	0
33	2633	0
7	2634	0
29	2634	1
25	2635	0
3	2636	0
1	2637	0
3	2638	2
9	2638	3
18	2638	0
2	2639	0
31	2639	0
3	2640	1
12	2640	1
20	2640	2
35	2641	2
12	2642	0
37	2642	0
38	2642	1
2	2643	0
9	2644	0
18	2644	0
26	2645	1
35	2645	0
3	2646	0
18	2646	0
25	2646	0
39	2646	3
3	2647	0
8	2647	0
18	2647	0
29	2648	0
7	2649	0
16	2649	0
35	2649	1
16	2650	0
24	2651	0
23	2652	0
30	2653	0
31	2653	0
11	2654	0
19	2655	0
31	2655	0
6	2656	0
16	2656	0
32	2656	0
39	2657	3
0	2658	0
4	2658	0
2	2659	0
29	2659	0
8	2660	3
16	2660	0
18	2660	0
23	2660	0
2	2661	0
28	2661	0
2	2662	1
31	2662	1
32	2662	2
35	2662	1
2	2663	0
4	2664	0
11	2664	2
18	2664	0
15	2665	0
16	2666	0
2	2667	0
9	2668	2
11	2668	3
24	2668	2
26	2668	1
32	2668	1
4	2669	0
9	2670	0
10	2670	0
38	2670	0
2	2671	2
11	2671	0
17	2672	0
29	2673	0
7	2674	1
34	2674	0
37	2674	0
24	2675	0
33	2675	0
8	2676	0
32	2676	0
9	2677	0
32	2678	0
25	2679	0
15	2680	0
31	2680	0
3	2681	0
11	2681	3
14	2681	0
26	2681	0
11	2682	2
11	2683	1
26	2683	0
37	2683	0
27	2684	3
3	2685	0
9	2685	0
18	2686	0
2	2687	0
4	2687	0
10	2687	0
18	2688	2
25	2688	2
28	2688	2
37	2689	1
39	2690	0
39	2691	0
9	2692	0
26	2692	2
39	2692	0
25	2693	0
33	2693	1
4	2694	0
18	2694	0
29	2694	0
39	2694	0
31	2695	0
0	2696	0
1	2696	0
9	2696	0
12	2696	0
2	2697	0
4	2697	0
9	2697	1
35	2697	1
3	2698	0
18	2698	0
2	2699	0
4	2699	0
8	2699	3
15	2700	2
0	2701	0
8	2701	0
18	2702	2
30	2702	2
2	2703	0
16	2703	0
2	2704	2
34	2704	0
11	2705	0
38	2705	0
4	2706	3
9	2706	0
16	2706	0
38	2707	0
7	2708	0
10	2709	0
12	2709	2
38	2709	0
39	2709	0
29	2710	1
18	2711	0
38	2711	2
9	2712	0
34	2713	0
37	2713	0
15	2714	3
12	2715	0
24	2715	0
15	2716	0
2	2717	0
12	2718	0
29	2718	0
31	2718	0
39	2718	0
4	2719	1
33	2720	0
7	2721	0
24	2721	0
7	2722	0
26	2722	0
37	2723	0
15	2724	0
4	2725	0
35	2726	0
4	2727	0
35	2727	3
15	2728	0
23	2729	0
25	2729	0
31	2729	0
39	2729	0
15	2730	1
3	2731	3
38	2731	2
30	2732	1
9	2733	0
26	2733	0
29	2733	0
31	2734	0
34	2734	0
37	2734	0
34	2735	3
35	2735	2
16	2736	0
37	2737	0
2	2738	0
4	2738	0
15	2739	0
23	2739	0
9	2740	1
38	2740	0
38	2741	1
29	2742	0
23	2743	0
30	2743	0
22	2744	0
34	2744	0
35	2744	0
9	2745	0
11	2745	0
18	2745	0
28	2746	0
37	2746	0
11	2747	0
17	2748	0
26	2749	2
21	2750	0
4	2751	0
16	2752	0
37	2753	0
9	2754	1
18	2754	0
32	2754	3
20	2755	0
24	2755	0
29	2755	0
30	2755	0
39	2755	3
6	2756	0
26	2756	3
32	2756	2
35	2756	0
9	2757	0
12	2757	0
26	2757	0
35	2757	0
18	2758	3
35	2758	0
14	2759	0
33	2760	0
3	2761	0
28	2761	0
38	2761	0
18	2762	0
23	2762	0
27	2762	1
29	2762	0
2	2763	0
9	2763	2
39	2763	2
38	2764	0
9	2765	2
11	2765	0
12	2765	0
18	2766	3
37	2766	3
2	2767	2
18	2767	1
28	2767	1
33	2767	1
38	2767	0
39	2767	2
18	2768	2
11	2769	0
39	2769	3
24	2770	2
4	2771	0
9	2771	0
37	2771	0
29	2772	2
12	2773	0
29	2773	0
30	2774	0
18	2775	0
35	2775	0
2	2776	0
3	2776	0
23	2776	0
26	2776	1
15	2777	0
26	2777	0
4	2778	0
15	2778	3
32	2778	2
7	2779	0
39	2779	0
32	2780	2
9	2781	2
12	2781	0
26	2781	0
36	2782	2
2	2783	3
2	2784	0
11	2784	0
7	2785	0
11	2785	2
34	2785	0
1	2786	1
6	2786	0
9	2786	0
10	2786	0
18	2786	0
23	2786	0
29	2786	1
14	2787	0
27	2787	3
31	2787	0
2	2788	0
9	2789	0
12	2789	2
32	2789	0
37	2790	0
38	2790	0
26	2791	0
15	2792	0
23	2792	0
11	2793	0
32	2793	0
35	2793	0
14	2794	0
26	2795	0
32	2795	0
33	2796	0
7	2797	2
11	2797	1
26	2797	0
35	2797	0
15	2798	2
15	2799	0
26	2800	0
31	2800	3
0	2801	0
29	2801	0
3	2802	0
26	2802	0
39	2802	0
39	2803	0
32	2804	0
37	2804	0
35	2805	0
6	2806	0
29	2807	1
18	2808	0
9	2809	1
34	2809	0
39	2809	0
15	2810	0
18	2810	0
22	2810	0
23	2810	0
39	2810	0
25	2811	0
29	2811	0
3	2812	0
11	2812	3
16	2812	0
38	2813	0
12	2814	0
37	2814	0
25	2815	0
4	2816	0
8	2816	0
16	2816	0
18	2816	1
26	2816	0
28	2816	0
6	2817	0
39	2817	0
34	2818	1
29	2819	0
4	2820	0
15	2821	0
25	2821	0
31	2821	0
36	2822	0
37	2822	0
7	2823	0
9	2823	0
23	2823	0
12	2824	0
3	2825	2
6	2825	0
9	2825	0
29	2825	1
30	2825	0
9	2826	1
37	2826	0
9	2827	1
32	2827	2
35	2827	0
6	2828	3
23	2828	3
34	2828	0
4	2829	0
4	2830	0
35	2830	0
34	2831	0
39	2832	0
32	2833	1
3	2834	0
39	2834	0
4	2835	0
31	2836	0
15	2837	0
31	2837	0
10	2838	0
4	2839	0
12	2840	0
27	2840	2
2	2841	3
26	2841	1
36	2842	0
2	2843	0
3	2843	0
18	2843	2
34	2843	0
18	2844	0
35	2844	0
36	2845	0
2	2846	1
4	2847	3
37	2847	0
4	2848	0
3	2849	0
12	2849	1
35	2849	0
37	2849	0
6	2850	0
25	2850	0
3	2851	0
4	2851	0
10	2852	0
35	2852	0
3	2853	0
35	2853	0
2	2854	0
19	2855	0
9	2856	3
25	2857	0
2	2858	1
31	2858	0
2	2859	0
25	2859	0
37	2859	0
12	2860	0
16	2860	0
34	2860	0
37	2860	0
18	2861	0
28	2861	0
32	2861	2
39	2862	0
15	2863	0
16	2863	3
11	2864	0
29	2864	0
38	2864	0
11	2865	0
28	2865	0
6	2866	0
30	2866	0
32	2866	0
34	2866	0
35	2866	0
12	2867	0
38	2868	1
9	2869	3
37	2870	0
4	2871	3
11	2871	2
25	2871	0
25	2872	0
35	2872	0
26	2873	0
35	2874	0
37	2874	0
4	2875	2
12	2875	1
25	2875	0
0	2876	0
3	2876	0
18	2876	0
38	2876	0
2	2877	2
8	2877	0
10	2877	0
22	2878	0
32	2878	0
35	2879	0
39	2879	1
25	2880	0
0	2881	3
0	2882	0
16	2883	0
26	2883	0
36	2884	0
38	2884	2
21	2885	0
37	2885	0
22	2886	3
9	2887	1
12	2887	1
26	2888	0
15	2889	0
26	2889	2
4	2890	0
9	2891	0
2	2892	2
14	2893	0
0	2894	0
9	2894	2
23	2894	0
30	2895	0
37	2895	0
21	2896	0
24	2896	0
8	2897	3
34	2897	0
39	2898	0
3	2899	1
26	2899	1
29	2899	3
31	2899	1
34	2899	2
9	2900	3
38	2900	0
2	2901	0
6	2901	1
30	2901	0
31	2901	0
25	2902	0
2	2903	0
24	2903	0
11	2904	0
15	2905	0
36	2905	3
9	2906	3
26	2906	0
18	2907	1
20	2907	1
0	2908	0
11	2909	2
20	2909	0
12	2910	2
11	2911	0
4	2912	3
10	2912	1
30	2912	1
32	2912	1
4	2913	0
9	2913	3
25	2913	0
34	2913	0
16	2914	0
34	2914	0
37	2915	3
38	2915	0
7	2916	0
12	2916	3
39	2916	0
0	2917	0
7	2917	0
2	2918	0
25	2918	0
37	2918	2
26	2919	0
24	2920	0
34	2920	0
6	2921	0
0	2922	0
37	2923	0
16	2924	2
18	2924	0
29	2924	2
37	2924	2
16	2925	0
23	2925	0
26	2925	0
34	2925	0
15	2926	0
32	2926	2
11	2927	2
18	2927	0
20	2927	0
25	2927	0
31	2928	0
23	2929	3
9	2930	2
28	2931	0
26	2932	0
30	2932	0
4	2933	2
8	2933	2
35	2933	2
37	2934	0
35	2935	0
3	2936	1
25	2936	0
22	2937	2
25	2937	2
26	2937	0
15	2938	0
27	2938	0
31	2939	3
2	2940	1
27	2940	1
38	2940	1
7	2941	2
7	2942	0
8	2943	1
30	2943	1
11	2944	2
22	2944	1
25	2944	0
31	2944	0
9	2945	0
10	2945	0
11	2945	3
18	2945	0
25	2946	0
0	2947	0
12	2947	0
23	2947	0
39	2947	0
7	2948	0
9	2948	0
29	2948	0
11	2949	0
39	2949	0
30	2950	0
26	2951	3
3	2952	0
27	2952	0
3	2953	0
37	2953	0
35	2954	2
4	2955	3
24	2955	0
4	2956	3
31	2956	0
38	2956	0
27	2957	0
37	2958	0
31	2959	0
12	2960	0
23	2960	0
27	2960	0
38	2960	2
16	2961	1
29	2961	0
2	2962	3
23	2962	0
33	2962	0
37	2963	0
11	2964	0
15	2965	1
33	2965	0
23	2966	0
35	2966	1
29	2967	0
23	2968	0
2	2969	0
34	2969	0
35	2969	2
3	2970	3
15	2970	0
16	2971	0
23	2971	0
3	2972	0
20	2972	0
18	2973	1
32	2973	1
6	2974	0
18	2975	1
11	2976	0
18	2977	0
33	2978	2
16	2979	0
35	2980	3
16	2981	2
26	2982	0
37	2982	0
8	2983	0
39	2984	0
2	2985	1
26	2985	0
37	2985	0
29	2986	0
27	2987	0
4	2988	1
18	2988	0
23	2989	0
3	2990	0
9	2990	1
26	2990	0
31	2990	0
35	2990	1
25	2991	0
1	2992	0
4	2993	0
27	2994	0
31	2994	0
3	2995	2
29	2996	0
39	2996	0
3	2997	0
7	2997	3
9	2997	1
11	2997	0
15	2997	0
16	2997	0
38	2997	0
15	2998	0
4	2999	0
34	2999	0
6	3000	0
7	3001	0
7	3002	0
9	3002	3
16	3002	0
11	3003	1
34	3004	1
9	3005	0
10	3005	0
32	3005	1
16	3006	0
9	3007	0
26	3007	0
12	3008	0
2	3009	2
18	3009	0
29	3009	0
38	3010	0
26	3011	0
35	3012	0
11	3013	3
0	3014	0
30	3015	0
35	3015	3
18	3016	2
7	3017	1
31	3017	0
32	3017	0
4	3018	0
9	3019	0
18	3019	0
34	3019	0
38	3019	0
30	3020	0
9	3021	1
35	3021	3
9	3022	2
5	3023	0
34	3024	0
15	3025	1
18	3025	0
25	3025	0
2	3026	0
9	3027	3
25	3027	0
27	3027	2
29	3027	0
37	3027	0
9	3028	2
12	3029	2
31	3029	0
33	3029	0
38	3029	0
0	3030	0
23	3030	0
35	3031	2
23	3032	3
27	3032	0
34	3032	2
14	3033	0
19	3034	1
9	3035	0
15	3036	0
23	3037	0
31	3037	3
30	3038	0
24	3039	2
25	3039	2
37	3039	2
10	3040	0
19	3040	0
23	3040	0
2	3041	3
9	3041	3
26	3041	2
31	3041	0
12	3042	3
27	3042	0
36	3042	0
9	3043	0
20	3043	3
26	3044	0
39	3044	0
33	3045	0
4	3046	0
24	3046	0
39	3046	1
15	3047	0
39	3047	0
30	3048	0
2	3049	0
15	3049	0
25	3050	0
22	3051	0
0	3052	0
27	3053	0
29	3054	0
8	3055	0
22	3055	0
27	3055	0
29	3055	0
39	3055	3
31	3056	0
32	3056	0
38	3057	0
18	3058	2
26	3058	2
28	3059	1
3	3060	0
7	3060	0
8	3061	0
2	3062	0
12	3062	0
4	3063	0
39	3063	0
26	3064	0
15	3065	1
7	3066	0
26	3066	0
15	3067	0
29	3068	0
0	3069	0
9	3069	0
8	3070	0
26	3070	3
38	3070	0
6	3071	0
24	3071	0
3	3072	2
24	3072	0
26	3072	2
2	3073	0
18	3073	3
10	3074	0
39	3074	0
39	3075	0
35	3076	1
8	3077	0
7	3078	0
11	3078	0
18	3078	0
34	3078	0
12	3079	2
26	3080	1
38	3080	3
27	3081	0
39	3082	1
37	3083	0
32	3084	3
8	3085	1
28	3085	0
32	3085	0
38	3085	3
3	3086	0
5	3086	0
25	3087	3
34	3087	0
38	3087	0
25	3088	0
28	3088	0
38	3089	0
39	3089	1
3	3090	0
23	3090	0
37	3090	2
15	3091	0
16	3091	0
25	3091	0
2	3092	0
27	3093	0
29	3094	1
9	3095	0
15	3095	3
16	3095	0
26	3096	0
15	3097	2
37	3097	0
9	3098	0
4	3099	1
34	3100	0
35	3100	2
12	3101	2
18	3102	2
20	3102	0
9	3103	0
11	3103	1
18	3103	0
32	3103	0
35	3104	0
4	3105	0
27	3106	0
12	3107	0
11	3108	0
39	3108	0
2	3109	0
4	3109	3
14	3110	0
32	3110	2
38	3110	0
25	3111	1
3	3112	0
30	3112	3
31	3112	0
32	3113	0
34	3114	0
4	3115	2
18	3115	3
18	3116	2
35	3116	0
15	3117	0
24	3117	0
37	3117	0
4	3118	0
3	3119	3
11	3120	3
25	3120	0
37	3120	0
15	3121	0
20	3121	3
2	3122	1
9	3123	0
6	3124	0
12	3125	0
35	3125	0
39	3126	2
3	3127	1
4	3127	1
29	3127	1
9	3128	0
12	3128	2
30	3128	0
38	3128	2
12	3129	0
25	3130	0
23	3131	0
12	3132	0
15	3132	0
35	3132	1
16	3133	0
35	3133	2
3	3134	0
39	3134	0
20	3135	2
11	3136	0
23	3136	0
26	3136	1
30	3136	0
18	3137	0
37	3137	0
26	3138	0
9	3139	0
37	3139	0
8	3140	0
26	3140	0
39	3140	3
2	3141	0
3	3141	0
35	3141	0
39	3142	0
7	3143	0
11	3143	0
4	3144	0
18	3144	1
4	3145	3
12	3145	0
16	3145	2
39	3145	0
29	3146	0
29	3147	0
3	3148	2
20	3149	0
11	3150	0
39	3150	1
29	3151	0
35	3152	0
39	3152	1
26	3153	0
39	3153	0
2	3154	3
12	3154	0
39	3155	0
2	3156	0
16	3156	0
27	3156	2
28	3156	0
29	3156	1
18	3157	0
10	3158	0
15	3158	0
38	3159	0
26	3160	0
31	3161	1
9	3162	0
33	3162	0
12	3163	0
15	3163	0
31	3163	0
3	3164	1
4	3164	0
33	3164	2
9	3165	0
15	3166	0
38	3166	0
29	3167	3
39	3167	1
27	3168	2
0	3169	0
9	3169	1
12	3169	0
32	3169	3
38	3169	0
6	3170	3
21	3170	0
29	3171	0
3	3172	0
9	3172	0
11	3173	2
31	3173	0
33	3173	3
21	3174	0
35	3174	0
2	3175	0
8	3175	0
30	3175	0
35	3175	0
18	3176	2
25	3176	0
15	3177	0
18	3177	0
6	3178	0
22	3178	0
3	3179	0
18	3179	0
32	3179	3
39	3179	0
0	3180	2
8	3180	2
36	3181	3
38	3182	0
18	3183	0
34	3183	0
9	3184	0
10	3184	0
10	3185	0
12	3186	0
39	3187	3
8	3188	0
11	3188	0
29	3188	3
15	3189	0
37	3190	0
5	3191	0
26	3192	0
20	3193	3
34	3193	0
24	3194	0
32	3194	2
35	3195	0
3	3196	0
12	3196	0
27	3196	0
25	3197	0
16	3198	0
25	3198	0
39	3198	0
15	3199	0
23	3200	0
18	3201	0
23	3202	0
3	3203	0
38	3204	3
12	3205	0
35	3205	0
15	3206	2
23	3207	0
38	3208	0
0	3209	0
7	3209	2
15	3209	0
15	3210	3
4	3211	0
27	3211	1
4	3212	0
2	3213	2
2	3214	0
38	3214	0
26	3215	0
31	3216	0
34	3216	3
7	3217	0
30	3217	0
30	3218	0
34	3218	0
32	3219	3
2	3220	1
4	3220	1
28	3220	0
34	3220	0
35	3220	1
37	3220	0
26	3221	0
24	3222	0
25	3222	0
28	3222	0
37	3222	0
38	3222	0
3	3223	0
4	3223	0
20	3224	0
0	3225	3
3	3225	0
34	3226	1
3	3227	0
4	3227	2
27	3228	0
4	3229	1
12	3229	0
15	3229	2
16	3229	0
23	3229	0
32	3229	3
35	3229	0
7	3230	0
10	3230	0
30	3230	0
4	3231	0
16	3231	0
2	3232	0
10	3233	0
8	3234	1
3	3235	2
5	3236	2
12	3236	0
16	3236	0
27	3237	0
9	3238	2
26	3238	0
35	3238	0
38	3239	0
28	3240	1
29	3240	0
8	3241	0
35	3241	3
2	3242	0
9	3243	2
4	3244	3
33	3244	0
2	3245	0
3	3245	0
15	3246	0
29	3246	0
7	3247	0
6	3248	0
3	3249	0
37	3249	0
38	3249	0
15	3250	2
25	3250	0
9	3251	1
2	3252	1
32	3253	0
38	3253	0
11	3254	0
16	3254	0
18	3254	1
29	3254	2
27	3255	2
34	3255	0
2	3256	0
4	3256	0
23	3256	0
12	3257	0
8	3258	0
9	3258	0
11	3258	0
34	3258	1
4	3259	1
23	3259	0
26	3259	0
31	3259	0
22	3260	0
11	3261	1
26	3261	1
35	3262	0
9	3263	0
24	3264	1
15	3265	0
32	3265	0
11	3266	0
28	3266	0
35	3266	0
37	3266	1
29	3267	3
4	3268	0
29	3268	0
18	3269	0
28	3269	0
34	3269	0
37	3269	0
38	3269	0
3	3270	3
12	3271	2
4	3272	2
0	3273	0
2	3273	3
28	3273	0
0	3274	0
9	3274	2
12	3274	0
2	3275	3
26	3275	0
8	3276	1
18	3276	1
6	3277	0
31	3277	0
4	3278	0
9	3278	1
34	3279	1
35	3279	1
11	3280	1
39	3280	1
33	3281	0
15	3282	0
25	3282	0
39	3282	0
25	3283	0
39	3283	0
4	3284	3
27	3285	0
23	3286	0
23	3287	0
26	3287	1
25	3288	2
11	3289	0
9	3290	0
18	3290	0
37	3290	0
38	3290	0
9	3291	0
29	3291	0
31	3291	0
7	3292	0
18	3292	2
25	3292	0
30	3292	0
34	3292	1
5	3293	0
8	3293	0
20	3294	0
36	3295	0
4	3296	0
17	3297	0
16	3298	0
20	3298	0
23	3298	0
35	3298	1
29	3299	0
34	3299	0
39	3299	0
37	3300	0
7	3301	0
36	3302	0
38	3302	1
2	3303	3
16	3303	0
22	3304	0
15	3305	2
11	3306	0
24	3307	1
2	3308	1
15	3308	1
28	3308	0
14	3309	3
3	3310	1
34	3310	0
14	3311	0
32	3311	0
38	3311	0
25	3312	0
12	3313	1
26	3313	0
34	3313	2
38	3313	0
4	3314	1
7	3314	0
8	3314	1
38	3314	2
37	3315	0
16	3316	2
20	3316	2
4	3317	0
38	3317	0
2	3318	3
4	3318	0
11	3318	0
3	3319	2
17	3319	1
11	3320	0
39	3320	3
8	3321	0
11	3321	0
34	3322	0
0	3323	0
18	3324	0
19	3325	2
5	3326	0
0	3327	0
4	3327	0
16	3327	0
25	3327	0
2	3328	1
4	3328	0
26	3328	0
30	3328	0
34	3328	0
4	3329	0
30	3329	0
35	3329	0
4	3330	2
3	3331	0
15	3331	0
37	3332	0
9	3333	0
12	3333	0
18	3333	3
38	3333	2
8	3334	1
29	3335	0
19	3336	0
38	3337	3
8	3338	0
37	3338	0
7	3339	0
15	3339	0
11	3340	1
23	3340	0
25	3340	0
3	3341	0
25	3342	1
8	3343	0
6	3344	0
37	3344	0
12	3345	0
23	3345	0
33	3345	0
9	3346	0
2	3347	3
37	3347	0
7	3348	0
18	3348	0
2	3349	0
24	3349	0
15	3350	0
39	3350	3
24	3351	0
35	3351	0
37	3351	0
35	3352	1
15	3353	1
24	3353	0
2	3354	1
2	3355	0
3	3356	3
35	3356	0
32	3357	0
12	3358	0
16	3358	0
23	3358	0
29	3358	2
32	3358	2
38	3358	0
17	3359	0
15	3360	0
18	3360	0
25	3360	0
22	3361	0
37	3361	0
39	3361	0
10	3362	0
1	3363	2
7	3364	0
12	3364	0
18	3364	1
25	3364	0
29	3365	0
15	3366	3
13	3367	0
7	3368	0
11	3368	0
15	3369	3
38	3369	0
11	3370	1
12	3370	1
20	3371	0
9	3372	2
4	3373	2
24	3373	0
25	3373	0
35	3373	3
37	3373	0
11	3374	3
25	3374	0
29	3374	0
26	3375	0
35	3375	0
29	3376	0
37	3376	2
39	3376	0
10	3377	1
2	3378	0
15	3378	0
18	3379	2
29	3379	0
9	3380	1
12	3381	0
39	3382	0
2	3383	0
7	3383	2
1	3384	0
3	3385	2
8	3385	0
15	3385	3
38	3386	0
4	3387	2
18	3387	2
20	3387	2
28	3387	2
9	3388	0
24	3388	0
38	3388	2
18	3389	0
2	3390	0
26	3391	0
2	3392	0
4	3393	0
29	3393	0
36	3394	1
27	3395	0
34	3395	0
26	3396	0
30	3397	0
14	3398	0
2	3399	0
18	3399	0
37	3399	0
2	3400	0
25	3400	0
37	3400	0
2	3401	2
15	3401	0
29	3401	0
24	3402	0
2	3403	0
12	3403	0
26	3403	0
29	3403	2
3	3404	1
4	3404	0
8	3404	0
30	3404	0
35	3404	3
11	3405	0
25	3405	1
31	3405	2
26	3406	0
32	3406	0
34	3406	0
39	3406	0
1	3407	1
18	3408	0
26	3409	0
2	3410	0
8	3410	0
38	3410	1
9	3411	0
11	3411	0
7	3412	0
37	3413	0
26	3414	0
26	3415	0
27	3415	0
7	3416	2
0	3417	0
2	3418	0
9	3418	1
7	3419	0
15	3419	0
12	3420	0
2	3421	1
18	3421	0
37	3421	0
2	3422	2
3	3422	0
18	3422	0
21	3422	2
27	3422	0
29	3422	1
39	3422	0
3	3423	0
30	3423	0
34	3423	0
26	3424	1
12	3425	0
22	3425	0
12	3426	1
26	3426	1
27	3426	3
2	3427	2
9	3427	0
31	3427	3
12	3428	0
24	3428	0
35	3428	2
38	3428	1
26	3429	1
18	3430	0
26	3430	0
8	3431	1
11	3431	1
15	3431	0
28	3431	0
34	3431	2
39	3432	0
4	3433	0
9	3433	0
16	3433	0
37	3433	1
18	3434	1
22	3434	0
33	3434	1
37	3434	0
9	3435	3
23	3436	0
35	3437	0
2	3438	0
16	3438	0
26	3438	3
37	3438	0
12	3439	0
34	3439	0
37	3439	0
20	3440	3
6	3441	0
19	3441	0
16	3442	3
29	3442	0
3	3443	0
37	3444	0
3	3445	2
20	3445	0
8	3446	0
11	3446	2
35	3446	2
8	3447	0
9	3447	2
15	3448	2
29	3448	0
18	3449	3
14	3450	0
27	3451	0
26	3452	0
2	3453	0
7	3454	1
9	3454	0
33	3454	0
38	3454	3
2	3455	3
3	3455	2
20	3455	0
29	3455	2
27	3456	3
20	3457	0
35	3457	0
37	3457	0
39	3457	0
38	3458	1
15	3459	0
18	3459	0
29	3459	0
34	3459	0
9	3460	0
18	3460	0
10	3461	0
39	3461	2
5	3462	1
23	3462	0
7	3463	0
2	3464	0
18	3464	1
23	3464	0
34	3464	2
15	3465	0
23	3465	0
25	3465	0
16	3466	0
20	3466	0
30	3466	0
31	3466	0
9	3467	0
11	3467	0
21	3467	0
34	3467	0
35	3467	0
6	3468	0
23	3469	0
26	3469	0
37	3469	0
11	3470	0
39	3470	0
4	3471	0
20	3472	0
27	3472	0
12	3473	0
23	3474	0
10	3475	0
35	3476	0
12	3477	0
23	3477	0
31	3478	0
37	3478	1
20	3479	0
30	3480	0
34	3480	0
34	3481	0
18	3482	0
28	3482	0
15	3483	1
12	3484	0
1	3485	1
18	3486	3
2	3487	2
4	3487	0
9	3487	3
18	3487	0
25	3487	0
35	3488	0
39	3488	0
33	3489	1
15	3490	3
2	3491	3
6	3491	0
6	3492	0
0	3493	0
22	3494	0
23	3495	0
35	3495	3
11	3496	3
11	3497	3
35	3497	0
9	3498	0
26	3498	0
16	3499	1
27	3499	1
38	3499	1
0	3500	1
2	3500	1
12	3500	1
9	3501	0
7	3502	0
38	3502	3
39	3502	1
9	3503	0
36	3503	2
38	3503	0
3	3504	0
6	3504	2
26	3504	0
37	3504	0
38	3505	0
29	3506	0
35	3506	3
36	3506	3
38	3507	0
3	3508	1
34	3508	3
37	3508	1
38	3508	1
32	3509	0
9	3510	0
29	3510	0
27	3511	3
7	3512	0
12	3512	1
6	3513	2
12	3513	0
18	3513	2
6	3514	0
15	3515	1
11	3516	2
16	3516	3
25	3516	0
29	3516	0
1	3517	3
3	3518	0
23	3518	0
35	3518	2
2	3519	0
25	3519	0
23	3520	0
2	3521	2
5	3521	2
18	3521	1
2	3522	0
4	3522	0
9	3522	0
12	3522	3
26	3522	0
27	3522	3
4	3523	3
9	3523	1
12	3523	0
26	3523	0
15	3524	0
34	3525	0
7	3526	3
15	3526	0
26	3526	2
29	3526	1
30	3527	1
31	3527	0
38	3527	0
15	3528	0
25	3528	0
11	3529	0
15	3529	0
22	3529	1
39	3529	0
25	3530	0
29	3530	0
34	3530	1
4	3531	0
38	3532	0
15	3533	3
39	3533	2
3	3534	0
9	3534	2
35	3534	0
7	3535	2
9	3535	2
2	3536	0
9	3536	3
39	3536	1
12	3537	0
25	3538	2
20	3539	3
26	3539	1
35	3539	0
39	3539	0
2	3540	0
38	3540	0
39	3540	3
7	3541	0
28	3541	0
29	3541	0
31	3541	0
4	3542	0
18	3542	0
23	3542	0
11	3543	0
24	3544	0
26	3544	2
29	3544	0
36	3544	0
7	3545	0
11	3545	0
20	3545	0
34	3546	0
18	3547	0
2	3548	1
4	3548	0
26	3548	3
29	3548	0
37	3548	0
23	3549	0
16	3550	3
3	3551	1
12	3552	0
20	3552	3
2	3553	0
15	3554	2
23	3554	0
37	3554	0
2	3555	3
15	3555	0
22	3555	0
26	3555	2
37	3556	0
24	3557	1
34	3557	0
38	3557	0
34	3558	0
2	3559	0
12	3559	0
27	3560	2
37	3560	2
16	3561	0
33	3562	0
4	3563	0
11	3563	0
26	3563	1
37	3563	0
7	3564	0
18	3565	2
31	3565	2
12	3566	0
26	3566	0
15	3567	3
3	3568	0
14	3569	0
21	3570	0
9	3571	3
23	3571	0
18	3572	0
26	3573	0
16	3574	0
39	3574	3
3	3575	1
39	3575	0
2	3576	0
21	3576	1
26	3576	0
39	3576	0
24	3577	0
8	3578	0
10	3579	0
29	3580	0
4	3581	0
7	3581	0
11	3581	1
34	3581	0
37	3581	0
18	3582	0
20	3582	0
39	3582	0
2	3583	2
11	3583	0
2	3584	3
12	3584	3
16	3584	3
9	3585	0
23	3586	1
38	3586	0
23	3587	0
33	3587	0
36	3587	0
4	3588	0
39	3589	0
12	3590	0
15	3590	0
12	3591	1
29	3591	0
21	3592	2
4	3593	2
12	3593	0
11	3594	0
39	3594	0
28	3595	0
15	3596	0
7	3597	0
25	3597	0
37	3597	0
25	3598	0
28	3599	0
27	3600	0
39	3600	3
7	3601	0
31	3601	0
34	3601	3
37	3601	3
8	3602	1
7	3603	3
39	3603	1
4	3604	0
9	3605	0
38	3605	0
2	3606	3
25	3606	0
8	3607	0
27	3607	0
4	3608	3
2	3609	0
35	3609	0
39	3609	1
22	3610	3
15	3611	0
4	3612	0
7	3612	1
19	3612	0
0	3613	0
6	3613	0
18	3614	0
12	3615	2
25	3616	2
15	3617	0
10	3618	0
39	3618	0
4	3619	0
22	3620	1
26	3620	0
2	3621	0
22	3621	0
31	3621	0
38	3621	2
39	3621	2
12	3622	0
37	3622	0
26	3623	0
12	3624	1
25	3625	0
35	3625	0
18	3626	0
31	3626	2
2	3627	0
5	3627	0
29	3627	1
30	3627	0
32	3627	0
37	3627	0
18	3628	0
20	3628	2
4	3629	2
29	3630	0
36	3630	3
8	3631	0
12	3631	1
3	3632	2
24	3632	0
34	3633	0
2	3634	0
4	3634	3
9	3634	0
23	3634	0
24	3634	0
29	3634	1
31	3634	0
33	3634	0
12	3635	0
29	3635	0
37	3636	3
11	3637	0
4	3638	0
16	3638	0
5	3639	2
2	3640	1
11	3641	0
39	3641	0
36	3642	0
12	3643	0
18	3643	0
37	3643	0
27	3644	0
30	3644	2
37	3645	0
6	3646	0
9	3646	0
2	3647	1
4	3648	1
8	3649	0
26	3649	1
4	3650	0
9	3650	1
2	3651	3
4	3651	0
15	3651	0
15	3652	0
16	3652	0
18	3652	0
37	3652	0
4	3653	1
10	3653	0
4	3654	2
9	3654	2
24	3654	2
29	3654	1
37	3654	2
15	3655	0
5	3656	0
26	3656	1
30	3656	0
3	3657	2
38	3657	0
31	3658	0
2	3659	0
7	3659	0
9	3659	0
34	3660	0
29	3661	3
7	3662	0
39	3662	0
18	3663	1
36	3663	0
0	3664	0
22	3665	3
4	3666	3
8	3667	0
16	3667	0
2	3668	0
4	3668	1
9	3668	0
38	3669	2
23	3670	0
38	3670	0
26	3671	0
35	3671	0
6	3672	2
8	3672	0
9	3672	0
24	3673	0
35	3673	0
3	3674	1
5	3674	0
27	3675	0
29	3676	0
39	3676	0
2	3677	1
39	3677	3
2	3678	3
37	3678	0
31	3679	0
7	3680	1
3	3681	0
9	3681	0
11	3681	1
12	3681	0
35	3681	1
36	3681	0
31	3682	0
7	3683	0
18	3683	2
38	3683	0
11	3684	0
24	3685	2
37	3686	0
18	3687	0
29	3687	0
37	3687	3
0	3688	0
2	3688	0
26	3688	0
34	3689	1
4	3690	0
12	3691	0
18	3692	1
9	3693	0
8	3694	0
4	3695	3
11	3696	0
20	3696	0
12	3697	2
29	3698	0
25	3699	2
35	3700	1
18	3701	3
2	3702	0
25	3702	0
37	3702	0
26	3703	3
15	3704	0
9	3705	1
16	3705	0
12	3706	0
18	3706	3
26	3707	0
27	3707	3
33	3708	1
8	3709	0
31	3709	0
34	3709	0
25	3710	2
39	3710	1
38	3711	0
3	3712	0
4	3712	0
37	3712	0
11	3713	3
16	3713	0
35	3714	0
0	3715	0
15	3715	0
37	3715	0
39	3715	3
3	3716	1
4	3716	3
15	3716	0
26	3716	0
35	3716	0
25	3717	0
3	3718	0
36	3718	2
4	3719	0
9	3719	2
11	3720	0
18	3721	0
35	3721	0
37	3722	0
23	3723	0
7	3724	0
6	3725	1
10	3725	0
18	3725	1
26	3725	0
31	3725	0
30	3726	0
38	3726	0
35	3727	2
0	3728	2
12	3729	3
33	3729	0
34	3729	0
0	3730	0
39	3730	0
31	3731	0
25	3732	0
37	3732	0
35	3733	0
29	3734	0
2	3735	0
11	3735	0
9	3736	0
31	3736	0
37	3736	0
15	3737	1
39	3738	2
25	3739	0
26	3740	2
29	3740	2
29	3741	0
38	3741	3
18	3742	0
33	3742	0
34	3742	1
37	3742	0
27	3743	2
37	3743	0
3	3744	0
39	3744	2
24	3745	0
29	3745	2
38	3746	2
5	3747	0
31	3747	0
25	3748	2
18	3749	0
32	3749	3
12	3750	0
9	3751	1
31	3751	0
35	3751	1
4	3752	0
17	3752	3
35	3752	0
2	3753	1
35	3753	1
12	3754	0
26	3754	0
35	3754	2
22	3755	1
28	3756	0
37	3757	0
16	3758	0
26	3758	0
3	3759	0
8	3759	0
9	3759	2
25	3759	0
26	3760	3
29	3760	0
30	3760	1
35	3760	1
23	3761	0
0	3762	0
18	3762	0
25	3762	3
35	3762	2
38	3762	0
25	3763	0
37	3763	0
39	3763	3
25	3764	0
32	3764	0
7	3765	0
8	3765	0
26	3765	0
37	3765	0
2	3766	1
12	3766	1
16	3766	1
20	3766	1
4	3767	2
38	3767	0
4	3768	0
11	3768	0
12	3768	1
35	3768	0
37	3768	0
2	3769	0
22	3769	0
18	3770	0
25	3770	0
37	3771	0
