18	0	1
22	0	1
11	1	1
14	1	1
15	1	1
26	2	1
6	3	0
15	3	1
30	3	0
26	4	1
13	5	1
23	5	1
0	6	1
8	6	1
20	7	1
3	8	0
3	9	1
28	9	1
1	10	0
13	10	1
24	10	0
31	10	1
17	11	1
0	12	1
18	12	1
20	12	0
32	12	1
14	13	1
22	13	1
32	13	1
35	13	1
18	14	1
21	14	0
25	14	1
28	14	1
13	15	1
15	15	1
11	16	1
14	16	0
20	16	1
3	17	1
18	17	1
31	17	1
36	17	1
0	18	1
13	19	1
30	19	1
35	20	1
33	21	1
6	22	0
34	22	1
1	23	0
28	23	1
29	23	1
8	24	1
13	24	0
17	24	0
35	24	1
0	25	1
29	26	0
32	26	1
30	27	1
24	28	0
28	28	0
31	28	0
35	28	1
6	29	0
14	29	1
15	29	0
36	29	1
12	30	0
21	30	0
32	30	1
14	31	1
17	31	1
20	31	1
33	32	1
13	33	1
20	33	1
29	33	1
34	33	1
6	34	1
20	34	1
11	35	1
12	35	1
21	35	0
30	35	1
15	36	0
19	36	1
34	36	1
19	37	1
22	38	1
13	39	1
15	40	1
23	40	1
25	41	1
32	41	1
34	41	1
3	42	1
19	42	1
29	42	1
27	43	1
28	44	1
32	45	1
12	46	1
13	46	1
15	47	1
21	47	1
30	47	1
24	48	0
6	49	0
13	49	1
30	49	1
14	50	1
31	50	1
36	50	1
32	51	1
6	52	0
21	52	0
29	53	1
6	54	1
17	55	1
18	55	1
11	56	1
20	56	1
25	56	1
1	57	0
14	57	1
32	57	1
17	58	1
21	58	0
28	58	1
31	58	1
30	59	1
6	60	0
13	60	1
28	60	1
17	61	1
6	62	1
7	62	1
20	62	1
30	62	1
7	63	1
14	64	1
23	64	1
30	64	1
35	64	0
6	65	1
7	65	1
15	66	0
20	66	1
30	66	1
35	66	1
36	66	1
7	67	1
21	67	0
12	68	0
18	68	1
12	69	1
13	69	1
17	69	1
28	69	1
32	69	1
28	70	1
32	71	1
13	72	0
18	72	0
21	72	1
13	73	1
26	74	1
15	75	1
11	76	1
14	76	1
21	76	1
29	76	0
25	77	1
7	78	1
20	78	1
32	78	1
12	79	1
14	79	1
15	79	1
20	79	1
25	79	1
34	79	1
1	80	1
17	81	1
0	82	1
0	83	1
6	84	1
28	84	1
27	85	0
15	86	0
21	86	1
33	87	1
26	88	0
18	89	1
28	89	1
0	90	1
6	90	1
33	91	0
0	92	1
24	92	1
35	92	1
29	93	1
4	94	0
18	94	1
36	94	1
21	95	0
22	95	1
18	96	1
29	97	1
0	98	1
35	98	1
39	98	1
28	99	1
35	99	1
27	100	1
28	100	0
30	100	0
2	101	1
26	101	1
27	101	0
28	101	1
32	101	1
6	102	0
22	102	1
27	102	1
29	102	0
20	103	1
21	104	1
24	104	0
27	105	1
1	106	1
15	106	1
28	106	1
32	106	1
20	107	1
33	108	0
28	109	1
30	109	1
17	110	0
22	110	1
30	110	1
35	110	1
24	111	1
6	112	0
30	112	1
20	113	1
11	114	0
23	114	1
26	114	1
6	115	1
28	116	1
30	116	1
32	116	1
6	117	0
17	117	1
6	118	1
13	118	0
17	119	1
20	120	1
21	120	1
26	120	1
14	121	1
20	121	0
30	121	1
23	122	1
28	122	1
5	123	1
29	123	1
3	124	1
1	125	0
17	126	0
34	127	0
15	128	0
14	129	0
17	129	1
5	130	1
28	130	1
14	131	1
26	131	1
3	132	1
20	132	1
28	132	0
36	132	0
33	133	1
15	134	0
22	134	1
30	134	1
34	134	0
0	135	1
29	135	1
1	136	1
14	136	1
7	137	1
21	137	1
32	137	1
15	138	0
0	139	1
18	139	1
20	139	1
0	140	0
3	140	1
26	140	1
28	140	0
39	141	0
13	142	1
17	142	1
20	142	1
28	142	1
0	143	1
11	143	1
21	144	1
12	145	1
27	145	1
11	146	1
15	146	0
25	146	0
12	147	0
12	148	1
6	149	1
8	149	1
14	149	1
15	149	1
17	149	1
18	150	1
34	150	0
14	151	1
30	151	1
31	151	1
32	151	0
34	151	1
39	151	1
0	152	0
32	152	1
35	152	1
27	153	1
23	154	1
20	155	1
32	155	0
34	155	1
36	155	1
26	156	1
20	157	1
14	158	1
15	158	0
18	158	1
21	158	0
14	159	1
21	159	0
25	159	0
31	160	1
17	161	1
18	162	1
24	162	1
35	163	1
32	164	1
2	165	1
12	165	0
26	165	1
35	165	1
32	166	0
6	167	0
29	167	1
20	168	1
13	169	1
11	170	1
14	171	1
21	171	1
29	171	1
32	171	0
15	172	1
18	172	1
34	172	1
3	173	1
18	173	0
14	174	0
16	174	1
18	174	1
34	174	1
26	175	1
29	175	1
14	176	1
26	176	1
0	177	1
34	177	0
14	178	0
3	179	1
6	179	1
11	179	1
15	179	0
26	180	0
29	180	1
33	180	0
26	181	1
34	181	1
3	182	1
21	182	0
34	182	0
11	183	0
13	183	1
14	183	1
20	183	1
30	183	1
14	184	1
25	184	1
30	184	0
0	185	1
28	185	1
26	186	1
28	187	1
13	188	1
19	188	1
28	188	0
18	189	1
20	189	1
30	189	1
32	189	1
37	190	1
32	191	0
9	192	1
32	193	1
1	194	1
15	195	1
17	195	1
24	195	1
36	195	1
22	196	1
32	196	1
17	197	1
0	198	1
13	199	1
13	200	1
13	201	1
30	201	1
15	202	0
28	202	1
17	203	1
15	204	1
39	205	1
19	206	1
26	206	1
32	206	1
1	207	1
31	207	1
2	208	1
6	208	1
7	208	1
24	208	1
13	209	1
3	210	1
17	210	1
29	210	1
3	211	1
35	211	1
38	211	1
7	212	1
21	213	1
8	214	0
17	214	1
21	214	1
12	215	1
21	215	0
15	216	1
35	216	0
13	217	1
20	217	1
32	217	1
1	218	1
2	218	1
13	218	1
14	218	1
15	218	1
29	218	1
30	219	1
38	219	1
6	220	1
20	221	1
28	221	1
0	222	1
22	222	1
8	223	1
28	223	1
1	224	0
13	224	1
35	224	1
8	225	1
13	225	1
32	225	0
20	226	0
33	226	1
35	226	1
6	227	1
38	227	1
12	228	1
15	228	0
21	228	0
30	228	0
0	229	1
22	230	0
18	231	1
36	231	1
28	232	1
6	233	0
23	233	1
3	234	1
32	234	1
20	235	1
35	235	1
11	236	1
14	236	1
21	236	1
13	237	1
6	238	0
6	239	1
13	239	0
26	239	1
13	240	0
14	240	1
13	241	0
0	242	1
29	242	0
33	242	0
34	242	1
15	243	1
26	243	1
0	244	1
3	244	1
32	245	1
3	246	1
0	247	1
18	247	1
26	247	0
18	248	1
28	248	1
32	248	1
8	249	1
31	249	1
17	250	0
6	251	1
11	251	1
14	251	1
20	251	0
21	251	1
24	251	1
18	252	0
36	253	1
11	254	0
20	254	1
26	254	1
38	255	1
21	256	1
30	256	1
31	256	1
26	257	1
15	258	1
11	259	1
21	260	1
29	260	1
33	260	1
34	260	1
3	261	0
6	262	0
18	262	1
16	263	0
18	263	0
21	263	0
29	263	1
3	264	1
30	264	1
32	264	1
0	265	0
1	265	1
15	265	1
35	265	1
21	266	1
32	266	1
29	267	1
35	267	0
21	268	1
23	268	0
37	269	1
13	270	1
24	270	1
35	270	1
32	271	1
21	272	0
1	273	1
6	274	0
1	275	1
29	275	1
30	275	1
14	276	1
5	277	1
1	278	1
6	278	1
22	278	1
13	279	1
20	279	1
32	279	1
6	280	1
16	280	1
22	280	1
15	281	1
13	282	1
20	282	1
14	283	1
22	283	1
7	284	0
18	284	1
28	284	1
29	284	0
14	285	1
21	285	1
34	285	1
36	286	1
21	287	1
15	288	0
18	289	1
20	289	1
25	289	1
3	290	1
15	290	1
21	290	1
13	291	0
21	291	1
3	292	1
17	293	1
29	293	1
13	294	1
16	294	1
17	295	1
38	295	1
6	296	0
11	296	0
28	296	1
31	296	0
8	297	1
11	297	1
34	297	1
39	297	1
17	298	1
21	298	1
1	299	1
32	299	1
16	300	1
24	300	1
29	301	1
13	302	1
28	302	1
32	302	1
11	303	0
32	303	1
39	304	1
5	305	0
22	305	1
30	306	1
6	307	0
30	307	1
20	308	1
3	309	1
32	309	1
29	310	1
39	311	1
6	312	1
34	312	1
15	313	1
20	313	0
32	313	1
34	313	1
38	313	1
21	314	1
23	314	1
25	314	0
29	314	1
31	314	0
32	314	1
28	315	0
3	316	1
13	316	0
13	317	0
26	317	0
28	317	0
32	317	1
0	318	1
1	318	0
4	318	1
25	318	0
28	318	0
0	319	1
6	319	0
17	319	0
6	320	1
34	320	1
0	321	1
6	321	0
18	321	1
19	321	1
15	322	1
0	323	0
17	323	1
21	323	1
37	323	1
6	324	1
15	325	0
5	326	1
28	326	1
15	327	1
34	327	1
25	328	1
36	328	1
6	329	0
21	329	1
5	330	0
3	331	1
15	331	0
28	331	1
14	332	1
20	332	0
6	333	1
29	333	1
35	333	1
28	334	1
32	334	1
15	335	1
20	335	1
37	335	1
18	336	1
28	337	1
36	337	1
21	338	0
32	339	1
15	340	1
29	340	1
30	340	1
25	341	1
3	342	1
30	342	1
35	342	1
36	342	1
15	343	1
28	343	0
3	344	1
2	345	1
11	346	1
13	347	1
15	347	1
29	347	1
6	348	1
13	348	1
15	348	0
23	348	1
20	349	1
18	350	1
28	350	1
29	350	0
21	351	1
24	351	0
30	351	0
30	352	1
18	353	0
23	353	1
17	354	1
6	355	0
15	355	1
18	355	1
28	355	0
31	355	1
32	355	1
12	356	1
14	356	1
6	357	1
17	357	1
15	358	1
21	358	1
15	359	1
38	359	1
39	360	0
21	361	1
32	361	1
0	362	0
12	362	1
14	362	1
9	363	0
25	363	0
38	363	1
14	364	0
15	364	1
30	365	1
31	366	1
14	367	1
18	368	1
20	368	1
11	369	1
13	370	0
28	370	1
11	371	1
30	371	1
22	372	1
26	372	1
27	373	1
29	373	1
3	374	1
8	374	1
24	374	1
25	374	1
35	374	1
36	374	1
3	375	1
29	375	1
32	376	1
6	377	1
13	378	1
18	378	1
29	378	1
33	379	1
21	380	1
15	381	1
32	381	1
11	382	0
17	382	1
36	383	1
1	384	1
20	384	1
26	385	1
8	386	1
15	387	1
21	388	1
28	388	0
29	388	1
13	389	1
30	389	1
25	390	1
24	391	0
1	392	0
14	392	1
21	392	0
36	392	0
11	393	0
18	393	1
38	393	1
2	394	1
11	394	1
35	394	1
5	395	1
6	395	1
18	395	1
6	396	1
13	396	1
15	396	1
28	396	0
30	396	1
32	396	1
12	397	1
1	398	1
18	398	1
35	399	1
31	400	1
8	401	1
14	401	1
21	402	1
26	402	1
6	403	1
12	403	1
34	403	1
23	404	1
36	404	1
9	405	0
6	406	0
11	406	0
17	406	1
29	406	1
34	406	1
21	407	1
34	407	1
35	407	1
36	407	0
18	408	1
35	408	1
27	409	1
1	410	0
20	410	1
28	410	1
7	411	1
8	412	0
13	412	0
14	412	1
20	412	0
24	412	1
15	413	1
28	414	0
35	414	1
38	414	1
20	415	1
3	416	1
31	416	1
15	417	1
32	417	1
0	418	1
21	418	1
22	419	0
6	420	1
11	421	1
19	421	1
26	421	1
11	422	1
28	422	0
11	423	1
18	423	1
31	423	1
15	424	0
17	424	1
26	424	1
2	425	1
29	425	1
26	426	0
30	426	1
0	427	1
6	427	1
17	427	1
22	427	1
13	428	1
18	428	1
33	428	1
36	429	1
11	430	1
14	430	1
15	430	0
27	430	1
29	430	1
0	431	0
20	431	1
22	432	0
32	433	1
28	434	1
3	435	1
13	436	1
29	436	1
28	437	1
30	437	1
13	438	1
20	438	1
32	438	1
27	439	1
29	439	1
35	439	0
1	440	1
17	440	1
17	441	1
28	441	1
29	441	1
32	441	1
6	442	0
18	443	1
28	444	1
35	444	1
20	445	1
13	446	0
25	446	1
30	447	1
1	448	1
18	448	0
29	448	1
36	449	1
36	450	1
3	451	1
6	452	1
12	453	0
15	453	1
20	453	0
17	454	1
30	454	1
15	455	1
19	455	1
22	455	1
18	456	0
12	457	0
25	457	1
30	457	1
32	457	1
21	458	1
17	459	0
21	459	1
29	459	1
18	460	1
35	460	1
15	461	1
24	461	1
29	461	1
34	461	1
1	462	1
3	462	1
6	462	1
25	462	1
38	462	1
11	463	0
25	463	0
10	464	0
21	465	1
33	465	1
38	465	1
31	466	0
14	467	1
29	467	1
12	468	1
28	469	1
7	470	0
13	470	1
21	470	0
33	471	0
14	472	1
23	472	1
29	472	1
34	472	1
30	473	0
11	474	0
14	474	1
15	474	1
3	475	1
15	475	0
23	475	1
35	475	1
11	476	0
17	477	1
18	478	1
24	478	1
30	478	0
35	478	1
21	479	0
19	480	0
20	481	1
13	482	1
21	482	0
33	482	0
17	483	1
14	484	1
36	484	0
4	485	1
14	485	0
21	485	0
12	486	1
32	486	1
35	486	1
30	487	0
24	488	0
26	489	1
30	490	1
6	491	1
7	491	1
29	491	1
32	491	0
28	492	1
1	493	0
24	494	1
34	494	1
0	495	1
1	495	1
8	496	1
13	496	1
19	496	1
22	497	1
28	497	0
3	498	1
13	498	1
4	499	0
13	499	1
23	499	1
29	500	1
32	500	1
13	501	1
28	501	0
30	501	1
36	501	1
0	502	1
31	502	1
29	503	1
0	504	1
6	504	1
12	504	1
15	504	1
16	504	1
17	504	0
20	504	1
21	504	1
26	504	1
0	505	1
33	505	1
0	506	1
18	506	1
20	506	1
21	507	1
28	507	0
21	508	1
28	509	1
35	509	1
13	510	1
32	510	1
0	511	0
15	511	0
30	511	1
12	512	1
38	512	1
24	513	1
35	513	1
11	514	0
14	514	1
28	514	1
17	515	1
23	516	1
17	517	0
14	518	1
6	519	1
18	519	1
20	519	1
8	520	0
19	520	1
22	520	1
29	520	1
31	520	1
6	521	1
13	521	1
21	521	0
24	521	1
38	521	1
18	522	1
23	522	0
32	522	1
3	523	1
13	524	1
20	524	1
26	524	1
29	524	1
30	524	1
34	524	1
23	525	1
34	525	1
20	526	1
15	527	1
18	528	1
20	529	1
14	530	1
26	530	1
32	530	1
3	531	1
12	531	1
15	532	1
3	533	0
17	534	1
30	534	0
15	535	1
24	535	0
36	535	0
15	536	0
30	536	0
37	537	1
14	538	1
39	539	1
30	540	1
21	541	1
32	541	1
29	542	0
36	542	0
13	543	0
32	543	1
12	544	0
31	544	0
11	545	1
14	545	1
28	545	0
28	546	1
33	546	1
35	546	1
32	547	0
21	548	1
22	548	1
29	548	0
13	549	1
2	550	1
17	551	1
26	551	1
2	552	1
3	552	1
13	553	0
15	553	1
17	553	1
25	553	1
24	554	1
28	555	1
5	556	0
28	556	1
3	557	1
11	557	0
30	557	1
36	557	1
10	558	1
13	559	1
3	560	1
20	560	1
32	560	1
1	561	1
11	561	0
15	562	1
18	562	1
25	563	1
30	563	1
8	564	0
34	565	1
13	566	1
14	567	0
36	567	1
21	568	0
22	568	1
29	568	1
30	568	1
0	569	0
3	569	1
15	569	0
30	569	1
36	569	1
29	570	1
4	571	0
15	571	1
17	571	1
34	571	1
34	572	1
18	573	1
29	574	1
36	574	1
25	575	1
26	575	1
13	576	1
30	576	1
13	577	1
18	577	1
32	577	1
33	577	1
34	577	1
36	577	1
9	578	1
0	579	1
13	579	1
28	579	1
35	580	1
36	580	1
0	581	0
38	581	1
21	582	1
22	582	1
37	583	0
26	584	1
28	584	0
17	585	1
25	585	1
15	586	0
24	586	1
34	586	1
38	586	1
0	587	1
36	587	1
32	588	1
0	589	1
8	589	1
28	589	1
28	590	1
0	591	1
6	592	1
20	592	0
23	593	1
32	594	0
17	595	0
21	596	1
31	596	1
32	596	1
33	596	1
15	597	1
17	598	1
31	599	1
12	600	1
22	600	0
32	601	1
22	602	1
30	602	1
11	603	1
13	603	1
18	603	0
21	603	0
7	604	1
11	604	1
13	604	1
8	605	0
11	605	1
14	605	0
38	606	1
20	607	0
3	608	0
15	608	1
21	608	1
32	608	0
38	608	1
13	609	1
11	610	1
13	610	0
15	610	1
18	610	1
3	611	1
11	611	1
22	611	1
18	612	1
28	612	1
32	612	1
18	613	1
32	614	1
3	615	0
15	615	0
17	615	1
21	615	1
26	615	1
38	615	1
16	616	1
18	616	1
13	617	0
17	617	1
34	617	1
19	618	1
29	619	0
33	620	1
24	621	1
28	621	1
12	622	1
17	622	1
23	622	1
35	622	1
33	623	1
20	624	0
13	625	1
28	625	0
35	625	0
6	626	1
33	626	1
17	627	0
9	628	1
34	628	1
29	629	1
31	629	1
32	629	1
12	630	1
13	631	1
22	631	0
0	632	0
30	632	1
13	633	0
15	633	1
17	633	1
6	634	0
11	634	0
13	634	0
15	634	0
17	635	1
37	635	1
4	636	1
20	637	0
3	638	1
11	638	1
18	638	1
14	639	1
12	640	0
3	641	1
11	642	1
12	642	1
28	643	1
1	644	1
23	644	1
37	644	1
0	645	0
6	645	0
11	645	1
16	645	1
17	645	1
23	646	1
1	647	1
3	647	1
17	647	1
27	647	0
32	647	1
22	648	1
29	648	1
11	649	1
38	649	1
3	650	1
17	650	1
21	650	1
3	651	1
13	651	1
21	652	1
8	653	0
12	653	1
17	653	1
26	653	1
27	653	1
32	653	1
35	653	1
30	654	1
0	655	0
18	655	1
24	655	0
38	655	1
22	656	1
32	656	0
34	656	1
0	657	1
23	657	1
31	657	1
35	658	0
29	659	1
13	660	1
6	661	1
21	661	1
1	662	0
18	662	1
1	663	1
26	663	1
4	664	1
21	664	0
34	664	1
22	665	1
7	666	1
38	667	1
21	668	1
12	669	1
16	670	0
35	670	1
13	671	0
20	671	1
21	671	1
32	671	1
18	672	0
22	672	1
29	672	1
39	673	1
11	674	1
22	675	1
6	676	0
14	676	1
37	676	1
14	677	1
30	678	1
32	679	0
33	679	1
13	680	1
30	680	1
27	681	1
29	681	1
14	682	0
36	682	1
12	683	0
14	683	1
17	683	1
28	683	1
33	683	0
35	684	1
32	685	1
38	685	1
6	686	1
23	687	0
16	688	1
18	688	1
36	689	1
35	690	0
21	691	1
14	692	1
21	692	0
28	692	0
8	693	1
13	693	1
29	694	1
31	694	1
1	695	0
3	695	1
8	695	0
8	696	0
31	696	1
21	697	0
28	697	0
14	698	1
25	698	1
26	699	1
0	700	0
6	700	1
21	700	0
12	701	1
13	701	1
22	701	0
32	701	1
3	702	1
24	703	0
7	704	1
13	704	1
30	704	1
0	705	1
0	706	1
6	706	0
36	706	0
3	707	1
6	707	0
32	707	1
0	708	0
14	708	1
8	709	1
15	710	0
30	710	0
3	711	1
17	712	1
30	712	1
30	713	1
6	714	1
15	715	1
18	715	1
3	716	1
17	716	1
0	717	0
18	717	1
23	717	1
38	717	1
38	718	1
6	719	1
15	719	1
21	719	1
22	719	1
29	719	1
24	720	1
15	721	1
28	721	1
32	721	1
12	722	1
21	722	1
6	723	1
1	724	1
38	724	1
29	725	1
14	726	1
32	726	1
35	726	1
8	727	1
15	727	1
15	728	1
25	728	1
13	729	1
20	729	1
35	729	1
6	730	1
29	731	1
11	732	0
18	733	1
20	733	1
21	733	1
26	733	1
3	734	0
15	734	1
18	734	1
26	734	1
29	734	1
6	735	0
7	736	1
13	736	1
14	736	0
21	736	1
1	737	1
15	738	1
0	739	0
14	739	1
23	739	1
18	740	1
32	741	1
13	742	1
32	742	1
36	742	1
29	743	1
22	744	1
35	744	1
3	745	0
32	746	0
1	747	0
6	748	0
13	748	1
14	748	1
17	748	1
20	748	1
28	748	1
4	749	1
14	750	1
37	750	1
37	751	1
28	752	1
3	753	1
20	753	1
21	753	0
6	754	1
17	754	1
8	755	1
8	756	0
12	756	1
30	756	1
13	757	1
22	757	1
32	757	1
6	758	1
28	758	1
37	758	1
13	759	1
36	760	0
18	761	0
21	761	1
30	761	1
6	762	1
19	762	1
33	762	1
2	763	1
32	764	1
20	765	1
35	765	1
7	766	0
0	767	1
13	767	1
28	767	0
1	768	0
25	769	1
34	769	1
26	770	1
28	770	0
32	770	1
1	771	0
11	771	0
34	771	1
8	772	1
17	772	1
30	772	1
7	773	0
14	773	1
20	773	1
30	773	1
35	773	1
0	774	1
2	774	1
13	774	1
25	774	1
28	775	1
32	775	0
13	776	1
14	776	1
15	776	1
34	776	1
11	777	1
18	778	1
30	778	1
13	779	1
17	779	1
21	779	1
29	779	1
3	780	1
15	780	0
6	781	1
11	781	0
13	781	0
20	781	1
15	782	0
21	782	1
23	782	1
24	783	1
5	784	1
7	784	1
0	785	1
18	785	1
22	785	0
36	786	1
30	787	1
14	788	1
1	789	1
12	789	1
15	789	1
18	789	1
22	789	1
32	789	1
29	790	1
32	790	1
6	791	0
36	791	0
18	792	1
22	792	1
31	792	0
15	793	0
13	794	1
15	794	1
23	794	1
35	795	1
13	796	1
29	796	1
32	796	1
38	796	0
21	797	1
29	797	1
22	798	1
14	799	0
28	800	1
20	801	1
22	801	1
23	801	1
34	801	1
37	802	0
30	803	0
1	804	1
13	804	0
20	804	1
32	804	1
2	805	1
6	805	0
11	805	1
15	806	1
12	807	1
15	807	0
17	807	1
28	807	0
11	808	1
22	808	1
6	809	1
21	809	1
21	810	1
38	810	0
12	811	1
29	811	1
30	811	0
31	811	1
34	811	0
33	812	1
2	813	1
26	813	1
13	814	1
15	814	1
25	814	1
28	814	1
7	815	1
25	815	1
28	815	1
23	816	1
29	816	1
32	816	1
26	817	1
3	818	1
30	818	1
28	819	1
1	820	1
32	820	1
14	821	1
28	822	1
14	823	1
18	824	1
20	824	1
3	825	1
20	825	0
32	825	1
8	826	0
12	826	1
22	826	1
14	827	1
30	827	1
32	827	1
0	828	1
20	828	0
28	828	0
30	828	1
1	829	1
36	829	1
29	830	1
14	831	0
14	832	1
15	832	1
32	833	0
6	834	0
11	834	1
28	835	1
1	836	0
14	836	1
15	836	1
20	836	1
21	836	1
11	837	0
0	838	1
1	838	1
11	838	0
29	838	1
28	839	0
21	840	1
3	841	1
28	841	0
29	841	1
32	841	1
15	842	1
22	842	1
8	843	1
30	843	1
6	844	0
32	844	1
18	845	1
29	845	1
22	846	1
22	847	0
28	847	0
29	847	1
0	848	1
15	848	0
20	848	0
10	849	1
1	850	1
6	850	1
14	850	1
18	850	0
21	850	1
29	850	0
32	850	1
6	851	1
11	851	0
18	851	1
20	851	1
20	852	1
18	853	1
26	853	0
32	853	0
31	854	1
33	854	0
21	855	1
29	855	1
6	856	1
18	856	1
38	856	1
13	857	0
21	857	1
23	857	1
34	857	0
36	857	1
3	858	1
23	858	1
16	859	0
24	860	0
37	860	1
17	861	1
35	861	0
18	862	1
35	862	1
29	863	1
15	864	1
34	865	1
3	866	1
12	866	1
15	866	1
35	866	1
17	867	1
18	868	1
28	868	1
1	869	0
18	869	0
22	869	1
25	869	0
21	870	0
29	870	1
31	870	1
34	870	0
21	871	1
34	871	1
25	872	1
14	873	1
13	874	0
18	874	0
22	874	1
39	874	1
3	875	1
36	875	0
28	876	1
3	877	1
28	877	1
29	877	1
32	877	0
8	878	1
18	878	1
25	878	1
20	879	1
6	880	1
28	880	1
29	880	1
7	881	0
17	881	1
32	881	1
34	881	1
30	882	1
18	883	0
21	883	0
32	884	0
21	885	0
30	886	1
21	887	1
8	888	1
6	889	1
19	889	1
20	889	1
35	889	1
11	890	0
15	890	1
24	890	0
15	891	0
18	891	1
28	891	0
32	891	1
35	891	1
25	892	1
12	893	1
13	894	0
34	894	1
18	895	1
26	895	1
6	896	0
8	896	0
14	897	0
29	897	1
17	898	1
23	898	1
28	898	1
0	899	1
35	899	1
12	900	1
24	900	1
29	901	0
1	902	1
17	902	1
20	902	1
32	903	1
38	903	0
10	904	1
6	905	1
18	905	1
7	906	1
21	906	1
28	906	1
12	907	1
29	907	1
31	907	0
36	907	1
28	908	1
13	909	0
18	909	1
14	910	1
15	910	1
17	910	1
32	910	1
1	911	1
12	911	1
26	912	1
1	913	1
29	913	1
10	914	1
13	915	1
38	916	1
21	917	1
15	918	1
23	918	1
14	919	0
3	920	1
12	920	1
35	920	1
23	921	1
32	922	1
34	923	1
6	924	0
35	924	1
13	925	1
26	925	1
15	926	0
28	926	1
36	926	0
11	927	1
8	928	1
29	928	1
35	929	1
26	930	1
4	931	1
28	932	1
21	933	1
24	933	0
6	934	1
20	934	1
25	934	0
6	935	0
31	935	0
14	936	1
20	936	1
29	936	1
11	937	1
13	937	1
17	937	1
23	937	1
0	938	1
38	938	1
0	939	1
20	939	1
6	940	0
31	940	1
3	941	0
12	941	1
21	941	0
30	941	1
35	941	1
20	942	1
23	943	1
6	944	1
19	944	1
5	945	1
19	945	1
29	945	1
3	946	1
12	946	1
20	946	1
20	947	0
12	948	0
18	949	1
25	949	1
36	949	1
39	949	1
14	950	0
32	950	1
34	950	1
37	951	1
6	952	1
29	953	0
17	954	0
26	954	1
21	955	1
14	956	1
17	956	1
35	956	0
28	957	1
31	957	1
28	958	1
32	959	0
13	960	1
18	960	1
1	961	0
5	962	1
15	962	1
19	963	1
25	964	1
35	964	1
23	965	1
6	966	1
21	966	1
22	966	1
34	966	0
13	967	1
36	968	1
20	969	1
20	970	1
38	971	1
11	972	0
8	973	0
13	974	1
28	974	0
32	974	1
30	975	1
32	975	0
6	976	1
1	977	1
3	977	1
5	977	1
3	978	1
29	978	1
38	978	0
39	978	1
3	979	1
11	979	1
15	980	1
6	981	1
19	981	1
35	981	1
6	982	1
12	982	1
9	983	0
17	984	1
20	984	1
22	984	1
28	984	0
29	985	0
35	986	1
21	987	1
35	987	1
3	988	1
18	988	1
29	988	1
32	988	1
13	989	1
15	989	0
20	989	1
3	990	1
22	990	1
9	991	1
12	992	0
20	992	0
22	992	1
29	993	0
31	993	0
0	994	1
1	995	1
13	995	1
24	996	0
28	996	1
28	997	0
31	998	0
11	999	0
15	999	1
3	1000	1
0	1001	1
24	1002	1
32	1002	1
30	1003	1
35	1003	1
9	1004	1
6	1005	1
12	1005	1
17	1005	0
21	1005	1
0	1006	0
15	1007	0
36	1007	1
8	1008	1
14	1008	1
21	1008	0
31	1008	0
19	1009	1
35	1009	1
8	1010	1
26	1010	1
6	1011	1
28	1012	0
33	1012	0
13	1013	1
35	1013	1
8	1014	1
32	1015	1
17	1016	1
29	1016	0
35	1016	0
14	1017	0
20	1018	1
6	1019	0
19	1019	0
36	1019	0
5	1020	1
8	1020	0
11	1020	1
14	1020	1
17	1020	1
18	1020	1
28	1020	1
13	1021	1
33	1021	1
8	1022	0
13	1022	0
23	1022	1
12	1023	1
20	1023	0
15	1024	1
35	1024	1
15	1025	0
31	1025	1
6	1026	1
38	1026	0
14	1027	1
33	1027	1
13	1028	1
14	1028	1
36	1028	1
4	1029	1
21	1029	1
26	1029	1
30	1029	1
0	1030	1
20	1030	1
22	1030	1
0	1031	1
3	1031	1
12	1031	1
18	1031	1
21	1031	1
32	1031	0
4	1032	1
18	1032	1
21	1032	0
14	1033	0
12	1034	1
15	1034	1
31	1034	1
8	1035	0
30	1035	1
18	1036	1
22	1036	1
28	1036	0
29	1036	0
35	1036	0
17	1037	1
21	1037	1
26	1038	1
32	1038	1
6	1039	1
22	1039	1
32	1039	0
7	1040	0
17	1040	1
20	1040	0
11	1041	1
17	1041	0
35	1041	0
17	1042	1
21	1042	0
35	1043	1
15	1044	0
26	1044	0
1	1045	1
32	1045	1
32	1046	1
13	1047	1
26	1048	1
33	1048	1
24	1049	1
21	1050	0
38	1050	1
33	1051	1
9	1052	1
14	1052	1
18	1053	0
15	1054	1
6	1055	1
14	1055	1
32	1055	1
21	1056	0
28	1056	1
36	1056	0
0	1057	1
6	1057	1
22	1057	1
32	1057	1
38	1058	0
14	1059	1
11	1060	0
20	1060	1
33	1060	1
13	1061	1
1	1062	1
16	1063	1
12	1064	1
7	1065	1
17	1065	1
13	1066	1
21	1066	1
11	1067	1
19	1067	1
12	1068	1
29	1068	1
30	1068	1
13	1069	1
24	1069	1
32	1069	1
23	1070	1
32	1070	1
20	1071	0
28	1071	0
33	1071	1
14	1072	1
23	1072	0
1	1073	1
7	1073	1
15	1073	0
1	1074	0
13	1074	1
31	1074	1
35	1074	1
18	1075	1
33	1076	1
18	1077	0
20	1077	1
17	1078	1
21	1078	0
34	1078	1
33	1079	1
18	1080	1
21	1080	1
35	1081	1
0	1082	0
14	1083	0
20	1084	1
29	1084	1
18	1085	1
29	1085	1
39	1085	1
8	1086	0
6	1087	0
11	1087	1
36	1087	1
31	1088	1
17	1089	1
28	1089	1
21	1090	0
30	1090	1
32	1090	0
34	1090	1
35	1090	1
6	1091	1
13	1092	1
3	1093	0
12	1093	1
25	1094	1
30	1094	1
17	1095	1
18	1096	1
25	1096	1
12	1097	1
26	1097	1
37	1097	1
3	1098	0
35	1098	1
31	1099	1
0	1100	0
6	1100	1
11	1100	1
20	1100	1
21	1100	0
29	1100	1
32	1100	1
34	1100	1
35	1100	1
6	1101	1
15	1101	1
24	1101	0
28	1101	0
31	1101	1
15	1102	1
17	1102	1
22	1103	1
36	1103	1
38	1103	1
24	1104	1
6	1105	1
32	1105	1
14	1106	1
15	1106	1
32	1106	1
13	1107	0
28	1107	0
29	1107	1
1	1108	1
3	1108	1
17	1108	1
18	1108	1
21	1109	0
26	1109	1
13	1110	1
17	1110	1
23	1110	1
30	1110	1
14	1111	1
19	1111	1
21	1111	1
33	1111	0
11	1112	1
6	1113	1
6	1114	1
11	1114	0
15	1114	1
36	1114	1
2	1115	1
0	1116	1
7	1116	0
21	1116	1
28	1116	1
0	1117	1
29	1117	1
30	1117	1
38	1117	1
21	1118	1
3	1119	1
24	1119	1
35	1119	1
2	1120	0
6	1120	0
24	1120	1
1	1121	1
6	1121	1
6	1122	1
36	1122	1
11	1123	0
17	1123	1
32	1123	1
15	1124	1
19	1124	1
31	1124	1
29	1125	1
12	1126	0
30	1126	1
24	1127	1
11	1128	1
34	1128	1
28	1129	1
30	1129	1
36	1129	0
38	1129	0
20	1130	1
21	1130	0
31	1131	1
15	1132	1
8	1133	1
15	1133	1
18	1133	0
21	1133	1
1	1134	1
12	1134	1
32	1134	1
25	1135	1
5	1136	1
17	1137	1
36	1137	1
38	1137	1
11	1138	0
28	1138	1
29	1138	1
17	1139	1
18	1139	0
3	1140	1
15	1140	1
26	1140	1
28	1141	0
12	1142	0
23	1143	1
26	1143	1
1	1144	1
3	1144	1
36	1144	1
18	1145	1
22	1145	1
29	1145	1
32	1145	1
37	1145	1
34	1146	1
6	1147	0
18	1147	1
6	1148	1
32	1148	0
27	1149	1
30	1150	1
32	1150	1
13	1151	1
18	1151	1
4	1152	1
11	1152	0
24	1152	0
31	1152	1
32	1153	0
13	1154	1
8	1155	0
14	1155	1
28	1155	0
1	1156	1
12	1156	0
14	1156	1
32	1156	1
34	1156	1
8	1157	0
14	1157	1
29	1157	1
3	1158	0
18	1158	1
32	1158	1
7	1159	1
12	1160	1
17	1161	1
13	1162	1
15	1162	1
7	1163	0
17	1164	1
30	1165	1
31	1165	1
19	1166	1
9	1167	0
14	1167	1
13	1168	0
24	1168	0
15	1169	0
20	1170	1
21	1170	1
25	1170	1
27	1170	1
28	1170	1
14	1171	0
32	1171	1
15	1172	1
14	1173	1
15	1173	1
6	1174	1
20	1174	0
19	1175	1
23	1175	0
21	1176	1
13	1177	1
19	1177	0
28	1177	1
34	1177	1
0	1178	1
3	1178	1
28	1178	0
32	1178	1
13	1179	1
15	1179	1
22	1179	1
29	1180	1
4	1181	0
20	1182	1
30	1182	1
1	1183	1
33	1183	1
3	1184	1
28	1184	1
33	1184	1
26	1185	1
30	1186	0
32	1186	1
21	1187	0
0	1188	0
35	1189	1
11	1190	0
15	1190	1
19	1190	0
21	1190	1
6	1191	1
22	1191	1
39	1192	0
3	1193	1
28	1194	1
30	1194	1
32	1194	1
38	1194	0
0	1195	1
30	1195	1
18	1196	1
29	1196	1
30	1196	1
8	1197	1
28	1197	1
29	1197	1
30	1197	1
15	1198	1
17	1199	1
21	1199	0
28	1199	0
15	1200	1
28	1200	1
29	1200	1
24	1201	1
29	1201	1
30	1201	1
34	1201	1
0	1202	0
20	1202	1
21	1202	1
0	1203	1
3	1204	1
32	1204	1
12	1205	1
21	1206	1
25	1207	1
29	1207	1
35	1207	1
19	1208	0
28	1208	1
16	1209	1
6	1210	1
35	1210	1
0	1211	1
4	1212	1
8	1213	0
34	1213	1
14	1214	1
28	1215	1
7	1216	1
16	1217	1
15	1218	1
20	1218	1
33	1218	1
26	1219	1
1	1220	1
19	1220	1
25	1220	0
0	1221	0
3	1221	0
12	1221	1
18	1221	1
35	1221	1
36	1221	1
13	1222	1
17	1222	1
29	1222	1
36	1222	1
37	1222	0
0	1223	1
12	1223	1
31	1223	1
15	1224	0
14	1225	1
37	1225	0
0	1226	1
17	1226	1
21	1227	0
32	1227	1
33	1227	1
14	1228	0
30	1228	1
7	1229	1
19	1229	1
20	1229	0
21	1229	1
1	1230	1
3	1230	1
11	1230	0
15	1230	1
21	1230	1
23	1230	1
18	1231	1
31	1231	1
32	1231	1
32	1232	1
38	1232	1
26	1233	1
35	1234	1
25	1235	1
30	1235	1
18	1236	1
21	1236	1
29	1236	1
7	1237	1
21	1237	0
20	1238	0
17	1239	1
21	1239	0
8	1240	1
12	1240	1
14	1241	1
24	1242	1
17	1243	1
1	1244	0
13	1244	1
26	1244	1
29	1244	1
30	1244	1
38	1244	1
0	1245	1
3	1245	1
30	1245	1
35	1245	1
39	1246	1
8	1247	0
12	1247	1
30	1247	1
3	1248	1
23	1248	1
11	1249	1
32	1249	1
3	1250	0
30	1250	1
14	1251	1
28	1251	1
0	1252	1
27	1252	1
33	1252	1
15	1253	1
20	1253	1
11	1254	0
21	1255	0
34	1255	0
20	1256	1
28	1257	1
2	1258	0
25	1258	1
23	1259	0
25	1260	1
35	1260	0
28	1261	1
0	1262	1
24	1262	1
35	1262	1
30	1263	1
0	1264	1
2	1265	1
17	1265	1
25	1265	1
34	1265	1
35	1265	1
11	1266	1
32	1266	0
12	1267	1
1	1268	1
15	1268	1
17	1268	1
23	1268	1
35	1268	1
15	1269	0
21	1270	0
29	1270	1
1	1271	1
12	1271	1
15	1271	0
21	1272	1
13	1273	1
23	1273	1
19	1274	1
13	1275	1
29	1275	1
18	1276	1
21	1276	0
32	1276	1
34	1276	1
0	1277	1
21	1277	0
22	1277	1
15	1278	0
1	1279	1
32	1280	1
1	1281	1
23	1281	1
34	1281	1
34	1282	1
13	1283	1
13	1284	1
32	1284	1
35	1284	1
0	1285	1
20	1285	1
30	1285	1
32	1285	1
35	1285	1
36	1285	1
6	1286	1
21	1286	1
32	1286	0
25	1287	1
35	1288	1
2	1289	1
17	1290	0
19	1290	1
14	1291	1
35	1292	0
0	1293	1
32	1293	1
13	1294	1
20	1294	1
21	1294	0
11	1295	1
6	1296	1
20	1297	1
15	1298	0
21	1298	0
20	1299	0
20	1300	1
21	1300	1
23	1301	1
26	1302	1
32	1303	1
6	1304	1
11	1304	1
13	1304	1
2	1305	1
29	1305	1
23	1306	1
14	1307	0
25	1307	1
28	1307	1
17	1308	1
34	1308	1
31	1309	1
27	1310	0
8	1311	1
14	1312	1
18	1312	1
24	1312	0
28	1312	1
19	1313	1
11	1314	1
18	1314	1
21	1314	1
21	1315	0
14	1316	1
34	1316	1
0	1317	1
30	1317	0
32	1318	1
34	1318	1
15	1319	1
18	1320	1
28	1320	1
14	1321	1
6	1322	0
30	1322	1
21	1323	1
26	1323	1
6	1324	0
35	1324	1
7	1325	1
20	1326	0
28	1326	1
12	1327	1
22	1327	1
23	1327	1
24	1327	1
27	1327	1
5	1328	0
32	1329	1
3	1330	1
8	1330	1
13	1330	0
35	1330	1
9	1331	1
9	1332	0
6	1333	1
20	1333	0
6	1334	1
16	1335	0
31	1336	1
15	1337	1
34	1337	1
30	1338	1
18	1339	1
12	1340	1
36	1341	1
12	1342	1
35	1343	1
6	1344	0
8	1344	0
31	1344	1
18	1345	1
15	1346	1
15	1347	1
24	1347	1
36	1347	1
3	1348	1
17	1348	1
20	1348	1
30	1348	1
33	1348	1
35	1349	1
30	1350	1
12	1351	0
19	1351	0
14	1352	1
25	1352	0
17	1353	1
22	1353	1
26	1353	1
38	1353	0
27	1354	1
21	1355	1
15	1356	0
26	1356	1
30	1357	1
11	1358	1
28	1358	1
8	1359	0
15	1359	1
21	1359	0
6	1360	0
15	1360	1
13	1361	1
30	1361	1
7	1362	0
14	1363	1
34	1363	1
30	1364	1
13	1365	0
23	1365	1
30	1365	1
12	1366	1
18	1366	1
22	1366	1
14	1367	0
26	1368	1
21	1369	1
32	1369	0
20	1370	1
0	1371	1
25	1371	1
6	1372	0
30	1373	1
12	1374	1
19	1374	1
30	1374	1
36	1374	0
7	1375	1
22	1375	1
14	1376	1
23	1377	0
35	1377	1
21	1378	0
11	1379	1
28	1379	0
0	1380	1
6	1380	1
34	1380	1
20	1381	1
32	1381	1
35	1381	1
15	1382	0
21	1383	0
29	1383	1
32	1383	1
1	1384	0
14	1384	1
26	1384	1
12	1385	1
20	1385	1
6	1386	0
8	1386	0
14	1386	1
15	1387	1
28	1387	0
1	1388	1
6	1388	0
28	1388	0
0	1389	1
37	1389	0
5	1390	1
17	1390	1
18	1390	0
35	1390	1
0	1391	1
0	1392	1
14	1392	1
28	1392	1
32	1392	1
3	1393	1
33	1393	1
34	1393	1
3	1394	1
21	1394	1
25	1395	1
34	1395	1
3	1396	1
6	1396	0
12	1396	0
12	1397	1
30	1397	1
18	1398	1
0	1399	0
26	1399	1
20	1400	1
22	1400	1
34	1400	1
3	1401	1
19	1401	0
20	1401	0
36	1401	1
5	1402	0
13	1402	0
18	1402	1
20	1402	1
1	1403	1
6	1403	0
3	1404	0
4	1405	0
26	1405	1
32	1405	1
34	1405	1
11	1406	1
5	1407	1
13	1407	1
21	1407	1
0	1408	1
4	1408	1
34	1408	1
29	1409	1
36	1409	0
13	1410	1
28	1410	0
34	1410	1
12	1411	1
20	1411	1
37	1411	1
11	1412	0
29	1412	1
18	1413	1
19	1413	1
31	1413	1
29	1414	0
30	1414	1
1	1415	0
20	1415	1
33	1415	1
17	1416	1
5	1417	1
3	1418	1
26	1418	0
29	1418	1
36	1418	1
18	1419	0
22	1420	1
38	1420	0
8	1421	0
14	1421	1
21	1421	1
22	1421	1
25	1421	1
38	1421	1
1	1422	1
30	1422	0
20	1423	0
28	1423	1
36	1423	1
15	1424	0
35	1424	1
20	1425	1
31	1425	1
27	1426	1
18	1427	1
6	1428	1
10	1429	0
34	1430	1
29	1431	1
21	1432	1
13	1433	1
35	1433	1
18	1434	0
3	1435	1
15	1435	1
24	1435	1
26	1435	0
3	1436	1
22	1436	1
24	1436	0
14	1437	1
35	1437	0
0	1438	0
6	1438	0
11	1438	1
5	1439	1
3	1440	1
13	1440	1
28	1440	1
3	1441	1
12	1441	1
32	1441	1
1	1442	1
1	1443	0
28	1444	1
32	1444	1
20	1445	1
26	1445	1
26	1446	1
32	1446	1
39	1446	0
3	1447	1
39	1447	0
0	1448	1
13	1448	1
28	1448	0
30	1448	1
6	1449	1
18	1450	1
30	1450	1
35	1450	1
7	1451	1
20	1451	0
32	1451	0
21	1452	0
26	1452	1
0	1453	1
7	1453	1
18	1453	1
20	1454	1
7	1455	1
17	1455	1
35	1455	1
6	1456	1
29	1456	1
13	1457	1
15	1457	1
28	1457	0
7	1458	0
30	1458	0
36	1458	1
19	1459	1
28	1459	1
13	1460	1
18	1460	1
26	1460	1
14	1461	0
35	1461	1
1	1462	0
25	1462	1
38	1462	1
32	1463	1
35	1463	0
2	1464	1
1	1465	1
26	1465	1
37	1466	1
12	1467	1
6	1468	1
21	1468	0
34	1468	1
20	1469	0
17	1470	1
14	1471	1
38	1471	1
3	1472	1
13	1472	0
3	1473	1
14	1473	1
19	1473	1
36	1473	0
0	1474	0
15	1475	0
17	1476	1
13	1477	1
13	1478	1
21	1478	0
37	1478	0
1	1479	1
11	1479	0
0	1480	0
13	1481	1
19	1481	1
0	1482	1
6	1482	1
13	1482	0
17	1482	1
21	1483	1
29	1483	1
30	1483	1
35	1483	1
28	1484	0
3	1485	1
6	1486	1
12	1486	1
3	1487	1
11	1487	1
14	1488	1
17	1488	0
20	1488	1
21	1488	0
23	1488	1
14	1489	1
30	1490	1
6	1491	1
15	1491	1
18	1491	0
32	1491	0
33	1491	0
38	1491	1
30	1492	1
13	1493	1
15	1493	1
19	1493	0
21	1493	0
24	1493	0
4	1494	1
13	1494	1
35	1494	1
36	1494	0
24	1495	0
28	1496	0
13	1497	1
14	1497	1
17	1497	1
25	1497	0
11	1498	1
0	1499	0
13	1499	1
14	1499	1
26	1500	0
34	1500	1
14	1501	1
7	1502	0
30	1503	1
13	1504	0
15	1504	1
35	1504	1
0	1505	1
6	1506	1
25	1506	0
32	1506	0
33	1506	1
19	1507	1
17	1508	1
25	1509	1
13	1510	1
13	1511	1
34	1511	1
35	1511	1
37	1511	1
18	1512	1
30	1512	1
13	1513	1
15	1513	1
22	1514	1
32	1514	1
14	1515	1
18	1515	1
28	1516	0
6	1517	1
8	1517	1
14	1517	1
11	1518	0
20	1518	1
35	1518	1
18	1519	1
29	1519	1
15	1520	1
35	1520	0
2	1521	0
3	1522	1
8	1522	0
14	1522	1
1	1523	0
6	1523	0
14	1523	1
22	1523	1
2	1524	0
34	1524	1
18	1525	1
32	1525	1
3	1526	0
29	1526	1
31	1527	0
2	1528	1
13	1528	1
33	1528	0
13	1529	1
35	1529	1
6	1530	1
15	1530	1
18	1530	1
26	1530	1
6	1531	1
14	1532	1
3	1533	1
35	1533	1
3	1534	1
20	1534	1
3	1535	1
13	1536	1
29	1536	0
22	1537	1
1	1538	1
13	1538	1
21	1538	0
23	1538	1
26	1539	1
34	1539	0
30	1540	1
13	1541	1
15	1541	0
20	1541	1
31	1541	1
35	1541	1
14	1542	1
8	1543	0
32	1543	1
11	1544	1
23	1544	1
8	1545	1
12	1546	1
6	1547	1
14	1547	1
22	1547	1
34	1548	1
12	1549	1
7	1550	1
0	1551	1
11	1551	0
3	1552	1
23	1552	1
35	1552	1
8	1553	0
20	1553	0
28	1553	1
2	1554	1
21	1554	1
32	1555	1
13	1556	1
22	1556	1
34	1556	1
35	1556	1
11	1557	1
36	1558	0
14	1559	1
20	1560	0
13	1561	0
29	1561	1
34	1561	1
34	1562	0
25	1563	0
38	1563	1
1	1564	0
13	1564	0
14	1564	1
3	1565	1
6	1565	1
36	1565	1
29	1566	1
3	1567	0
13	1567	1
20	1568	0
8	1569	1
12	1569	1
21	1569	0
28	1570	1
32	1570	1
36	1570	1
14	1571	1
20	1571	1
1	1572	1
17	1572	1
6	1573	0
17	1573	1
30	1573	1
34	1574	1
17	1575	1
1	1576	1
15	1576	1
21	1577	1
38	1577	0
0	1578	1
31	1578	1
18	1579	1
20	1579	1
11	1580	0
20	1580	1
13	1581	1
18	1582	1
26	1582	1
29	1582	1
32	1582	0
11	1583	1
38	1583	0
17	1584	0
0	1585	1
13	1585	0
28	1585	0
11	1586	0
28	1586	1
17	1587	1
18	1587	0
8	1588	0
18	1589	1
24	1589	1
1	1590	0
15	1590	0
11	1591	1
14	1591	1
30	1591	1
32	1591	1
5	1592	0
15	1592	1
29	1592	0
11	1593	0
24	1593	1
30	1593	1
32	1593	1
28	1594	1
22	1595	1
30	1595	1
36	1595	1
15	1596	1
21	1596	0
22	1596	1
26	1596	0
11	1597	1
12	1598	1
14	1598	1
25	1598	1
1	1599	1
3	1600	1
11	1600	0
18	1600	0
3	1601	1
6	1601	0
13	1602	0
18	1602	1
21	1602	1
38	1602	1
5	1603	1
37	1603	0
0	1604	1
14	1604	1
29	1604	1
6	1605	1
14	1605	1
21	1605	1
38	1605	1
4	1606	1
6	1606	1
7	1606	1
17	1606	1
36	1607	0
28	1608	0
15	1609	1
15	1610	1
31	1610	1
34	1610	1
39	1610	1
7	1611	1
36	1612	1
3	1613	1
6	1613	1
30	1613	1
31	1613	1
12	1614	1
17	1614	1
17	1615	1
19	1615	1
15	1616	1
22	1616	1
30	1616	1
0	1617	1
36	1617	1
13	1618	1
20	1618	1
29	1618	1
1	1619	1
22	1619	1
35	1620	1
36	1620	1
15	1621	0
20	1621	0
29	1622	1
6	1623	0
22	1624	1
34	1625	1
5	1626	1
14	1626	1
15	1626	1
22	1626	1
7	1627	0
8	1627	1
23	1627	1
37	1627	1
14	1628	0
26	1628	1
33	1628	1
13	1629	1
14	1629	1
32	1629	1
15	1630	1
19	1630	0
21	1630	0
29	1630	1
11	1631	1
17	1631	1
20	1631	0
7	1632	0
3	1633	1
23	1633	1
29	1634	1
19	1635	1
24	1636	1
8	1637	1
14	1638	0
36	1638	1
38	1638	1
11	1639	0
17	1639	1
28	1639	0
2	1640	0
13	1640	1
21	1640	1
32	1640	1
30	1641	1
11	1642	0
28	1642	1
33	1642	1
24	1643	1
33	1643	1
20	1644	0
25	1644	1
30	1645	1
11	1646	1
15	1646	0
29	1646	0
11	1647	1
12	1647	1
13	1647	1
28	1647	1
37	1648	0
28	1649	1
30	1650	1
32	1650	1
20	1651	1
12	1652	1
14	1652	1
15	1652	0
15	1653	0
3	1654	1
12	1654	1
3	1655	1
15	1655	1
21	1655	1
26	1655	1
32	1655	1
34	1655	1
27	1656	1
30	1656	1
2	1657	1
32	1657	1
13	1658	1
31	1658	1
6	1659	1
13	1659	1
14	1659	1
21	1659	1
28	1659	0
22	1660	1
20	1661	1
1	1662	1
13	1663	1
17	1663	1
21	1663	1
23	1663	1
32	1663	1
14	1664	1
17	1665	1
30	1665	1
11	1666	0
20	1667	0
23	1667	1
28	1667	0
36	1667	1
15	1668	0
29	1668	1
35	1668	0
11	1669	1
16	1669	0
30	1669	1
33	1669	0
18	1670	1
21	1670	1
34	1671	1
0	1672	1
36	1672	1
3	1673	0
30	1673	1
3	1674	1
30	1674	1
22	1675	1
30	1675	1
14	1676	1
39	1677	1
28	1678	1
7	1679	0
21	1679	0
28	1679	1
36	1679	1
15	1680	0
28	1681	1
8	1682	0
22	1682	1
28	1682	1
6	1683	1
5	1684	0
4	1685	1
14	1686	1
29	1687	1
19	1688	1
26	1688	0
18	1689	1
20	1690	1
21	1690	1
15	1691	1
17	1691	1
25	1691	1
32	1691	1
23	1692	1
14	1693	1
8	1694	0
19	1694	1
21	1694	0
32	1694	1
18	1695	1
11	1696	0
21	1697	0
11	1698	0
32	1698	0
6	1699	1
7	1699	1
26	1699	1
35	1700	1
8	1701	1
29	1701	1
17	1702	1
34	1702	1
15	1703	1
20	1703	0
38	1703	0
13	1704	1
27	1704	0
5	1705	0
11	1705	1
20	1706	1
21	1706	1
13	1707	1
0	1708	1
25	1708	1
32	1708	0
38	1708	0
14	1709	0
15	1709	1
21	1709	1
14	1710	0
23	1710	1
29	1711	1
28	1712	0
3	1713	1
34	1713	1
21	1714	1
0	1715	1
35	1715	1
1	1716	1
28	1716	1
12	1717	1
6	1718	1
13	1719	0
21	1719	1
18	1720	1
29	1720	1
13	1721	1
17	1721	1
29	1721	1
25	1722	1
37	1723	1
11	1724	0
29	1725	1
20	1726	0
28	1726	1
13	1727	1
17	1727	1
4	1728	1
18	1729	1
32	1730	0
17	1731	1
24	1731	0
21	1732	0
0	1733	1
30	1733	0
35	1733	0
12	1734	1
9	1735	1
28	1735	1
30	1735	1
30	1736	1
28	1737	1
36	1737	0
3	1738	1
11	1738	1
17	1739	1
14	1740	1
30	1740	1
14	1741	1
17	1741	1
38	1741	1
3	1742	1
14	1742	1
35	1742	1
13	1743	0
8	1744	0
0	1745	1
13	1745	1
21	1745	0
28	1745	1
32	1746	1
29	1747	1
12	1748	0
15	1748	1
23	1748	1
29	1748	1
38	1748	1
25	1749	1
29	1749	1
32	1749	1
35	1749	1
11	1750	1
13	1751	1
6	1752	0
32	1752	1
12	1753	0
39	1753	1
13	1754	0
23	1754	1
11	1755	1
35	1755	1
30	1756	1
35	1756	1
14	1757	1
26	1757	1
30	1757	1
26	1758	1
11	1759	0
12	1759	1
15	1759	1
14	1760	1
30	1760	1
21	1761	1
28	1761	0
18	1762	0
20	1762	1
8	1763	0
30	1763	1
34	1763	1
19	1764	1
38	1764	1
13	1765	1
19	1765	0
28	1765	1
13	1766	1
20	1766	1
32	1766	1
13	1767	1
6	1768	1
19	1768	0
17	1769	1
1	1770	0
6	1771	1
13	1771	1
0	1772	1
13	1772	1
25	1773	1
0	1774	1
8	1774	1
25	1774	1
35	1774	1
0	1775	1
3	1775	0
6	1776	1
24	1777	1
13	1778	1
32	1778	1
34	1778	1
9	1779	0
36	1780	1
38	1780	1
6	1781	0
0	1782	1
4	1782	0
14	1782	1
33	1783	1
17	1784	1
35	1784	1
26	1785	1
28	1785	1
34	1785	1
15	1786	0
30	1786	1
34	1786	1
30	1787	0
13	1788	0
13	1789	1
6	1790	1
8	1790	1
34	1791	0
19	1792	1
6	1793	1
14	1793	1
36	1793	1
13	1794	1
6	1795	1
14	1795	1
17	1795	1
1	1796	1
3	1796	1
6	1796	1
18	1797	1
6	1798	0
7	1798	1
28	1798	1
30	1798	1
20	1799	1
29	1800	0
34	1800	1
35	1800	0
14	1801	1
15	1801	0
30	1801	1
32	1801	0
3	1802	1
18	1802	0
29	1802	0
26	1803	1
31	1803	1
36	1803	1
0	1804	1
22	1804	1
34	1804	1
32	1805	1
9	1806	1
11	1807	1
11	1808	1
29	1808	1
31	1808	1
8	1809	1
29	1809	1
32	1810	1
13	1811	1
21	1812	0
33	1812	1
32	1813	0
0	1814	0
18	1814	0
19	1814	0
5	1815	0
32	1815	0
13	1816	1
25	1816	0
18	1817	0
32	1817	0
20	1818	0
28	1818	0
29	1818	0
8	1819	0
32	1820	0
32	1821	0
1	1822	0
13	1823	0
28	1823	1
38	1824	1
6	1825	0
20	1825	0
6	1826	0
28	1827	0
29	1827	0
17	1828	1
30	1828	0
17	1829	0
0	1830	0
15	1830	0
21	1830	1
38	1830	0
28	1831	0
18	1832	0
23	1832	0
25	1832	0
32	1832	0
0	1833	0
26	1833	0
32	1833	0
3	1834	0
18	1834	0
28	1834	0
32	1834	0
21	1835	1
31	1836	0
21	1837	1
35	1837	1
6	1838	0
3	1839	0
6	1839	0
14	1839	0
18	1839	1
6	1840	0
11	1840	1
29	1840	1
14	1841	0
21	1841	0
20	1842	0
21	1842	1
32	1843	1
35	1844	1
36	1844	0
22	1845	0
16	1846	0
23	1846	0
37	1846	0
8	1847	0
30	1847	0
31	1847	0
32	1847	0
6	1848	0
33	1848	1
38	1848	1
13	1849	0
21	1850	0
28	1850	0
0	1851	0
6	1851	1
35	1851	0
3	1852	0
13	1852	0
32	1852	0
25	1853	0
6	1854	0
17	1854	0
23	1855	0
1	1856	0
15	1856	0
6	1857	0
6	1858	0
29	1858	0
39	1859	0
22	1860	0
39	1860	1
3	1861	0
20	1861	1
21	1861	0
23	1862	0
7	1863	1
34	1864	0
23	1865	1
8	1866	0
12	1866	0
17	1867	0
35	1867	0
30	1868	1
39	1869	0
32	1870	1
1	1871	1
11	1871	0
14	1871	0
6	1872	1
17	1873	0
14	1874	0
6	1875	0
34	1876	0
35	1876	0
21	1877	1
20	1878	0
22	1878	0
7	1879	0
13	1880	0
18	1880	0
32	1880	1
35	1880	0
18	1881	0
20	1881	0
6	1882	0
14	1883	1
3	1884	0
26	1884	0
1	1885	1
12	1885	0
24	1885	0
13	1886	0
14	1886	0
18	1886	0
17	1887	0
18	1887	1
26	1887	1
34	1887	0
8	1888	0
30	1888	0
37	1888	0
0	1889	0
7	1889	0
33	1889	0
7	1890	0
17	1890	0
29	1891	0
13	1892	0
35	1892	1
13	1893	0
29	1893	0
38	1894	0
0	1895	0
28	1895	0
30	1895	0
21	1896	0
28	1896	1
33	1896	0
38	1896	1
31	1897	0
3	1898	0
19	1898	0
32	1898	0
1	1899	0
28	1899	0
30	1899	0
1	1900	0
34	1900	0
2	1901	0
8	1901	0
23	1901	0
28	1901	0
21	1902	1
0	1903	0
8	1904	0
20	1904	1
26	1904	0
34	1904	0
15	1905	0
21	1905	0
26	1905	1
31	1906	1
32	1906	0
14	1907	0
31	1908	0
1	1909	0
3	1909	0
8	1909	1
13	1909	0
28	1909	1
3	1910	0
35	1910	0
28	1911	0
20	1912	0
28	1912	1
35	1912	0
0	1913	0
31	1914	0
36	1914	0
14	1915	0
21	1915	0
22	1915	0
25	1915	1
26	1915	0
6	1916	1
37	1917	1
27	1918	1
28	1918	0
32	1918	1
0	1919	0
11	1919	0
13	1919	1
29	1920	0
37	1920	1
1	1921	1
18	1921	1
28	1922	0
35	1922	1
1	1923	0
17	1923	0
20	1923	1
34	1923	0
6	1924	0
8	1924	1
30	1924	0
30	1925	1
35	1925	0
11	1926	1
15	1926	1
23	1926	0
1	1927	0
21	1927	0
30	1927	0
15	1928	0
22	1929	0
23	1929	1
26	1930	0
33	1931	0
34	1931	0
30	1932	0
22	1933	0
32	1933	0
38	1934	1
15	1935	0
20	1936	0
6	1937	0
32	1937	0
21	1938	1
32	1938	0
20	1939	0
17	1940	1
30	1940	0
37	1940	0
14	1941	0
28	1942	0
29	1942	0
8	1943	0
11	1943	0
22	1943	0
15	1944	0
23	1944	1
31	1944	0
15	1945	0
18	1945	0
5	1946	0
35	1946	0
7	1947	0
18	1947	1
29	1947	0
13	1948	0
30	1948	0
16	1949	0
5	1950	1
0	1951	1
17	1951	0
24	1951	1
29	1951	0
35	1951	0
38	1951	0
6	1952	0
14	1952	0
32	1952	1
12	1953	0
15	1953	0
8	1954	0
13	1954	0
26	1954	0
14	1955	0
34	1956	0
37	1956	1
31	1957	0
30	1958	1
15	1959	0
30	1959	0
17	1960	0
18	1960	0
6	1961	0
18	1961	0
20	1961	0
22	1961	1
35	1961	0
28	1962	0
14	1963	0
15	1963	0
4	1964	0
18	1964	1
29	1964	0
1	1965	0
3	1965	0
15	1965	0
31	1966	1
13	1967	0
36	1968	0
3	1969	0
5	1970	1
15	1970	1
1	1971	0
18	1971	0
11	1972	1
31	1972	0
28	1973	0
35	1973	0
37	1973	0
18	1974	0
20	1974	0
34	1974	0
6	1975	1
13	1975	0
25	1975	0
15	1976	0
18	1977	0
0	1978	0
35	1979	0
34	1980	0
34	1981	0
26	1982	1
26	1983	0
13	1984	0
26	1984	0
28	1984	0
8	1985	0
15	1985	0
17	1985	1
21	1985	0
32	1985	0
7	1986	0
29	1987	0
32	1987	0
13	1988	0
3	1989	0
15	1989	0
28	1989	1
3	1990	0
6	1990	0
13	1990	0
36	1990	1
14	1991	0
25	1991	0
26	1991	0
32	1991	0
21	1992	0
13	1993	0
14	1994	0
13	1995	0
29	1996	1
0	1997	1
13	1997	0
22	1997	0
38	1997	0
13	1998	0
15	1998	1
29	1999	0
0	2000	1
6	2000	0
39	2001	1
2	2002	1
1	2003	0
5	2003	0
12	2003	0
22	2003	0
30	2003	0
1	2004	0
13	2004	0
13	2005	0
28	2005	0
30	2006	0
11	2007	0
6	2008	0
17	2008	0
22	2009	0
12	2010	0
6	2011	1
18	2011	0
19	2011	0
19	2012	0
0	2013	0
13	2013	0
14	2013	0
28	2013	0
32	2013	1
12	2014	0
38	2015	0
0	2016	1
35	2016	0
20	2017	1
13	2018	1
32	2018	0
21	2019	1
29	2019	0
32	2019	0
0	2020	0
13	2021	0
11	2022	0
20	2023	0
28	2023	1
29	2023	0
32	2023	0
6	2024	0
14	2024	0
3	2025	1
13	2025	0
14	2025	0
15	2025	0
37	2025	0
13	2026	0
31	2026	0
32	2026	0
34	2026	0
6	2027	0
18	2027	0
21	2027	0
28	2027	0
11	2028	0
13	2028	0
15	2028	0
28	2028	1
13	2029	0
15	2029	1
28	2029	0
35	2029	0
1	2030	1
6	2030	0
26	2030	0
3	2031	0
34	2032	0
17	2033	1
28	2034	0
6	2035	1
8	2035	0
29	2035	0
6	2036	1
31	2036	0
11	2037	0
28	2037	0
28	2038	0
17	2039	0
21	2039	0
13	2040	0
14	2040	1
23	2040	0
31	2040	0
2	2041	0
6	2041	0
24	2041	0
29	2041	0
11	2042	1
18	2042	1
25	2042	1
28	2042	0
36	2042	0
24	2043	0
25	2044	0
30	2044	1
36	2045	0
6	2046	1
14	2046	0
15	2046	1
26	2046	0
39	2046	1
0	2047	0
3	2047	0
6	2047	0
20	2047	0
28	2047	0
29	2047	0
34	2047	1
21	2048	1
13	2049	0
21	2050	0
13	2051	0
17	2051	0
18	2051	0
26	2052	0
11	2053	0
17	2053	0
21	2053	0
24	2053	0
23	2054	0
34	2054	0
13	2055	1
17	2055	0
20	2055	1
23	2055	0
28	2056	1
34	2056	0
26	2057	1
35	2057	0
36	2057	1
7	2058	0
34	2058	1
37	2058	0
18	2059	1
26	2059	0
29	2059	0
17	2060	0
33	2060	1
23	2061	1
0	2062	1
17	2062	0
38	2062	0
15	2063	0
18	2064	1
23	2064	1
0	2065	1
25	2065	1
32	2065	0
6	2066	0
14	2067	0
6	2068	1
14	2068	1
20	2068	1
24	2068	0
29	2068	0
8	2069	0
8	2070	1
34	2070	1
7	2071	1
13	2071	0
29	2071	0
39	2071	0
30	2072	0
15	2073	0
21	2073	1
26	2073	0
28	2073	0
35	2073	0
15	2074	0
18	2074	0
26	2075	0
3	2076	0
0	2077	0
14	2077	1
34	2077	0
36	2077	0
38	2077	1
3	2078	0
6	2078	0
8	2078	0
11	2078	0
14	2079	0
15	2080	1
3	2081	0
5	2082	0
3	2083	0
4	2084	0
18	2085	0
20	2085	0
15	2086	0
17	2086	0
20	2087	0
15	2088	1
12	2089	0
18	2089	1
26	2089	0
12	2090	0
18	2090	0
20	2090	0
7	2091	1
38	2092	0
6	2093	0
23	2093	0
32	2093	0
35	2093	1
27	2094	0
0	2095	0
13	2095	1
14	2095	0
31	2095	1
3	2096	0
13	2096	0
0	2097	0
3	2097	0
6	2097	1
18	2097	0
32	2097	0
29	2098	0
26	2099	0
35	2100	0
3	2101	0
8	2102	1
34	2103	0
11	2104	0
28	2104	0
14	2105	0
17	2105	0
14	2106	1
8	2107	0
24	2107	0
35	2107	0
1	2108	0
11	2108	1
21	2108	0
29	2108	0
6	2109	0
12	2109	0
8	2110	0
28	2111	0
7	2112	0
24	2113	0
11	2114	0
13	2115	0
21	2115	1
2	2116	0
14	2116	0
30	2116	1
17	2117	0
12	2118	0
13	2118	0
25	2118	0
29	2118	0
35	2118	0
38	2118	0
26	2119	0
0	2120	0
14	2120	1
20	2120	0
34	2120	0
13	2121	0
35	2122	1
0	2123	0
11	2123	1
20	2123	0
31	2123	1
32	2123	0
14	2124	0
21	2125	0
31	2126	0
34	2126	0
0	2127	0
38	2127	0
4	2128	1
34	2128	0
3	2129	0
6	2129	0
29	2129	0
28	2130	0
33	2130	0
34	2130	0
14	2131	0
19	2131	0
21	2131	0
3	2132	0
17	2133	0
19	2133	0
23	2133	1
30	2133	0
6	2134	1
21	2134	0
28	2134	1
6	2135	0
13	2135	0
16	2136	0
20	2136	0
28	2136	1
36	2136	1
1	2137	1
30	2137	1
28	2138	0
38	2138	1
15	2139	0
21	2140	1
17	2141	1
8	2142	1
22	2142	1
0	2143	0
1	2143	0
13	2143	0
29	2143	1
34	2143	0
3	2144	0
19	2145	0
17	2146	0
29	2147	0
26	2148	0
12	2149	0
21	2149	0
32	2149	0
35	2149	0
38	2149	0
21	2150	0
25	2150	0
28	2150	0
32	2150	0
32	2151	0
6	2152	0
23	2152	0
34	2152	0
12	2153	0
17	2153	0
34	2153	0
21	2154	1
38	2154	1
18	2155	0
22	2155	0
28	2155	1
29	2155	0
31	2155	0
21	2156	0
8	2157	0
14	2157	0
28	2157	1
1	2158	0
17	2158	0
28	2158	0
36	2158	1
24	2159	0
28	2159	0
3	2160	0
13	2160	0
30	2160	0
21	2161	0
34	2161	0
30	2162	0
34	2162	1
17	2163	0
18	2163	0
21	2164	0
30	2164	1
6	2165	1
22	2166	0
14	2167	0
23	2167	1
34	2167	0
8	2168	0
25	2169	0
37	2170	0
20	2171	1
16	2172	0
17	2173	0
29	2174	0
1	2175	0
35	2175	0
14	2176	0
13	2177	0
14	2177	0
18	2177	0
11	2178	1
18	2178	0
21	2178	0
22	2178	0
35	2178	0
14	2179	0
25	2180	0
36	2181	0
14	2182	0
17	2182	0
14	2183	0
26	2183	0
32	2183	0
37	2183	0
18	2184	0
31	2184	0
39	2184	1
21	2185	1
29	2185	1
30	2185	0
32	2185	0
1	2186	1
21	2186	0
28	2186	0
6	2187	1
29	2187	0
15	2188	1
32	2188	0
31	2189	0
34	2190	0
13	2191	0
15	2191	0
30	2191	0
31	2191	0
34	2191	0
2	2192	0
15	2193	0
29	2193	0
4	2194	0
25	2195	0
35	2195	0
24	2196	0
32	2196	0
21	2197	1
29	2197	0
32	2197	0
2	2198	0
7	2198	0
32	2198	0
37	2198	1
2	2199	0
14	2200	0
17	2200	1
6	2201	1
11	2201	1
3	2202	1
20	2202	0
30	2202	0
32	2202	0
1	2203	0
17	2203	0
30	2203	1
33	2203	0
30	2204	0
13	2205	0
14	2205	1
17	2205	0
0	2206	0
0	2207	0
19	2207	1
13	2208	1
28	2208	0
15	2209	1
20	2209	0
4	2210	0
31	2211	1
10	2212	0
21	2213	0
21	2214	0
30	2214	0
6	2215	0
14	2215	1
21	2215	0
26	2215	0
30	2216	0
32	2217	0
36	2217	0
22	2218	1
30	2218	0
28	2219	1
21	2220	0
15	2221	0
21	2221	0
28	2221	0
6	2222	1
15	2222	1
30	2222	0
32	2222	0
32	2223	0
6	2224	0
23	2224	1
24	2224	0
19	2225	0
22	2225	0
6	2226	1
15	2226	1
37	2226	0
20	2227	0
26	2227	1
32	2227	0
29	2228	0
37	2229	0
2	2230	0
14	2230	0
24	2230	0
28	2230	0
34	2230	0
12	2231	0
30	2231	1
8	2232	0
29	2232	0
13	2233	0
38	2233	1
12	2234	0
25	2234	0
30	2234	0
20	2235	0
35	2235	1
30	2236	0
11	2237	1
14	2237	0
29	2237	0
32	2237	0
15	2238	0
3	2239	0
13	2239	0
30	2239	0
15	2240	0
29	2240	0
29	2241	0
5	2242	1
3	2243	1
21	2243	1
18	2244	0
22	2244	1
13	2245	0
21	2246	0
25	2247	0
32	2247	0
34	2247	0
1	2248	1
9	2248	1
32	2248	1
35	2248	0
6	2249	0
14	2250	0
20	2251	0
28	2251	0
0	2252	0
22	2252	0
23	2253	0
20	2254	1
5	2255	0
1	2256	1
17	2256	0
2	2257	0
20	2258	0
32	2259	0
12	2260	1
20	2260	0
26	2260	1
14	2261	0
20	2261	0
18	2262	1
36	2262	1
17	2263	0
20	2263	0
15	2264	1
28	2264	0
38	2264	0
23	2265	0
30	2265	0
2	2266	1
0	2267	1
3	2267	1
26	2267	0
14	2268	0
13	2269	1
21	2269	1
11	2270	1
32	2270	0
35	2270	0
11	2271	1
3	2272	0
32	2273	0
28	2274	0
14	2275	0
24	2275	0
7	2276	1
29	2276	0
32	2276	0
15	2277	0
6	2278	0
15	2278	1
35	2278	0
38	2279	0
8	2280	1
11	2280	1
19	2280	0
20	2280	0
30	2280	1
19	2281	1
11	2282	1
13	2283	0
28	2283	1
3	2284	0
32	2284	1
12	2285	0
21	2285	0
28	2285	1
6	2286	0
8	2286	1
20	2286	0
14	2287	0
15	2287	0
8	2288	0
29	2289	0
6	2290	0
15	2290	0
20	2290	0
21	2290	0
19	2291	1
13	2292	1
32	2292	0
17	2293	0
3	2294	0
3	2295	0
21	2296	1
25	2296	0
35	2296	0
4	2297	0
23	2297	1
30	2297	0
6	2298	1
17	2298	1
30	2298	0
3	2299	0
3	2300	0
20	2301	0
9	2302	0
7	2303	0
8	2303	0
13	2304	0
24	2304	0
26	2305	1
33	2305	0
8	2306	1
32	2306	0
3	2307	0
11	2307	0
17	2307	0
21	2307	1
1	2308	0
28	2308	0
35	2308	0
14	2309	1
21	2310	0
30	2310	0
6	2311	0
8	2311	0
21	2311	1
34	2311	0
8	2312	0
12	2312	0
13	2312	0
28	2312	1
32	2313	0
33	2313	0
36	2313	0
3	2314	0
17	2314	0
3	2315	1
21	2315	1
24	2315	1
28	2315	1
18	2316	0
31	2317	0
34	2317	1
25	2318	0
6	2319	0
15	2319	0
25	2319	0
36	2319	0
24	2320	1
23	2321	0
2	2322	0
24	2323	0
28	2323	1
32	2323	1
17	2324	0
25	2324	0
30	2324	0
32	2324	0
7	2325	1
22	2325	0
30	2325	0
32	2325	0
8	2326	1
11	2326	0
32	2327	0
36	2327	0
28	2328	0
11	2329	0
7	2330	0
13	2330	0
17	2330	0
20	2330	0
28	2330	1
18	2331	0
31	2332	1
36	2333	1
6	2334	1
11	2334	1
14	2334	0
15	2334	0
32	2334	0
17	2335	0
18	2335	0
30	2335	0
0	2336	0
13	2336	0
21	2336	1
39	2336	0
7	2337	0
2	2338	1
13	2339	0
7	2340	0
15	2340	0
23	2340	0
32	2340	1
21	2341	1
28	2341	0
34	2341	1
23	2342	0
25	2342	0
3	2343	0
0	2344	0
3	2344	0
11	2344	0
3	2345	0
17	2345	0
9	2346	0
3	2347	0
28	2347	1
32	2347	0
3	2348	0
22	2348	0
17	2349	0
21	2349	0
29	2349	0
9	2350	1
28	2350	0
21	2351	1
11	2352	1
15	2352	0
28	2352	0
27	2353	0
25	2354	1
29	2354	0
32	2354	0
28	2355	1
28	2356	0
31	2356	1
34	2356	0
24	2357	0
6	2358	1
32	2358	0
21	2359	0
22	2359	0
29	2360	0
31	2360	0
17	2361	0
20	2361	0
3	2362	0
15	2362	0
0	2363	0
21	2363	1
6	2364	1
14	2364	0
32	2364	0
14	2365	0
17	2365	0
23	2365	1
29	2366	0
24	2367	0
38	2367	1
12	2368	0
13	2368	0
17	2368	0
2	2369	0
12	2369	0
26	2369	0
30	2370	0
0	2371	0
21	2371	1
30	2371	0
2	2372	0
11	2372	0
12	2372	0
17	2372	0
38	2372	1
8	2373	1
8	2374	1
21	2374	0
0	2375	0
31	2375	1
33	2376	0
1	2377	0
8	2377	0
17	2377	0
32	2377	0
22	2378	1
32	2378	0
21	2379	1
34	2379	0
21	2380	0
23	2380	0
31	2380	0
28	2381	0
30	2381	0
18	2382	0
18	2383	0
11	2384	1
30	2385	1
21	2386	1
17	2387	0
18	2388	0
35	2388	0
29	2389	0
8	2390	0
26	2391	1
13	2392	0
28	2392	0
20	2393	0
32	2394	1
30	2395	0
18	2396	1
14	2397	0
32	2397	0
7	2398	0
17	2398	0
22	2398	0
32	2398	1
14	2399	0
6	2400	1
13	2400	0
17	2400	0
12	2401	0
23	2401	0
26	2401	0
29	2401	0
0	2402	0
17	2402	0
20	2402	0
34	2402	0
39	2402	1
0	2403	1
7	2403	0
19	2403	0
21	2403	0
11	2404	0
14	2405	0
24	2405	0
32	2405	1
6	2406	1
17	2406	0
20	2407	1
34	2407	0
17	2408	0
23	2408	0
30	2408	0
8	2409	0
19	2409	1
22	2409	0
36	2409	1
12	2410	0
18	2410	1
3	2411	0
20	2411	0
1	2412	0
38	2413	0
3	2414	0
28	2414	0
29	2414	0
7	2415	1
25	2415	1
34	2416	0
35	2416	0
20	2417	0
28	2417	0
32	2418	1
35	2419	0
6	2420	0
17	2420	0
2	2421	0
11	2422	0
9	2423	1
15	2423	0
13	2424	1
29	2424	0
34	2424	0
35	2424	1
0	2425	0
32	2425	1
35	2425	0
34	2426	1
17	2427	0
23	2427	0
30	2427	0
17	2428	0
31	2428	1
35	2428	0
22	2429	0
0	2430	0
11	2431	0
17	2431	0
18	2431	0
23	2431	1
1	2432	0
21	2432	0
16	2433	1
17	2433	1
22	2433	0
6	2434	0
29	2434	0
17	2435	1
32	2435	0
18	2436	1
29	2436	1
14	2437	0
34	2437	0
11	2438	0
13	2438	0
14	2438	0
18	2438	1
31	2438	0
3	2439	0
29	2440	0
34	2440	0
6	2441	1
17	2441	0
36	2441	0
28	2442	1
32	2442	1
34	2442	0
13	2443	0
26	2443	0
7	2444	0
26	2444	1
38	2444	0
13	2445	0
17	2445	0
28	2445	0
8	2446	1
29	2446	0
30	2446	0
36	2446	0
12	2447	0
18	2447	0
26	2447	0
35	2448	0
30	2449	0
37	2449	1
17	2450	0
21	2451	0
8	2452	0
12	2452	0
18	2453	0
26	2453	0
32	2453	0
14	2454	1
23	2454	0
28	2454	0
29	2455	0
18	2456	0
20	2456	0
29	2457	0
30	2458	0
20	2459	0
32	2459	0
5	2460	1
9	2460	0
31	2460	1
28	2461	0
29	2461	0
3	2462	0
28	2462	1
36	2462	1
21	2463	0
29	2463	0
35	2463	1
29	2464	0
32	2465	0
39	2466	1
6	2467	0
13	2467	0
34	2467	0
15	2468	0
17	2468	1
18	2468	0
20	2468	0
22	2468	0
28	2468	0
37	2468	0
6	2469	0
15	2469	0
36	2470	0
34	2471	0
20	2472	0
17	2473	0
29	2473	0
8	2474	0
15	2474	1
20	2475	0
21	2476	0
33	2476	0
20	2477	1
35	2478	1
21	2479	0
36	2479	0
35	2480	0
3	2481	0
14	2481	0
15	2481	0
17	2481	0
8	2482	1
17	2483	0
13	2484	1
33	2485	0
9	2486	1
29	2487	0
1	2488	0
15	2489	1
17	2489	0
31	2489	1
2	2490	0
32	2490	0
34	2491	0
3	2492	0
17	2492	0
6	2493	0
34	2493	0
26	2494	0
2	2495	0
8	2495	0
17	2495	1
20	2495	0
21	2495	0
30	2495	0
8	2496	1
13	2496	0
38	2496	1
6	2497	1
14	2498	0
20	2498	0
35	2498	0
21	2499	0
34	2499	0
6	2500	0
29	2500	0
17	2501	0
29	2501	0
13	2502	0
11	2503	0
15	2503	0
32	2503	0
15	2504	0
21	2505	0
12	2506	0
14	2506	0
28	2506	1
28	2507	0
30	2507	1
18	2508	0
34	2508	0
3	2509	0
15	2509	1
22	2509	0
32	2510	0
11	2511	0
5	2512	0
35	2513	0
17	2514	0
3	2515	0
18	2515	0
11	2516	0
6	2517	0
18	2517	0
29	2517	0
30	2518	0
18	2519	0
20	2520	0
3	2521	0
1	2522	1
23	2522	0
18	2523	0
21	2523	0
28	2523	0
35	2523	0
36	2523	0
18	2524	0
26	2524	0
23	2525	1
14	2526	0
35	2526	0
13	2527	0
29	2528	0
30	2528	1
38	2528	0
11	2529	0
12	2529	0
14	2529	0
7	2530	1
13	2530	0
13	2531	0
32	2531	0
34	2531	1
13	2532	0
20	2532	1
29	2532	0
35	2532	0
21	2533	1
28	2533	0
26	2534	0
28	2535	0
38	2535	0
6	2536	0
3	2537	0
24	2537	0
35	2537	0
30	2538	0
32	2538	0
36	2538	0
31	2539	0
20	2540	0
36	2540	0
13	2541	1
21	2541	0
30	2541	0
0	2542	0
21	2542	0
18	2543	0
23	2543	0
11	2544	0
6	2545	1
8	2545	0
36	2545	0
13	2546	0
21	2546	0
29	2546	0
36	2546	0
17	2547	0
20	2547	1
23	2547	0
35	2547	0
0	2548	0
12	2548	0
33	2548	1
36	2548	0
14	2549	0
18	2549	0
22	2549	0
26	2550	0
30	2550	0
32	2550	0
17	2551	0
18	2551	0
32	2551	0
36	2551	1
32	2552	0
1	2553	1
32	2554	1
14	2555	0
36	2555	0
32	2556	0
1	2557	0
31	2557	0
1	2558	0
20	2558	0
29	2558	0
35	2559	0
0	2560	0
14	2560	0
38	2560	0
28	2561	1
34	2561	0
23	2562	1
30	2562	1
34	2562	0
30	2563	0
32	2563	0
21	2564	0
32	2564	1
20	2565	0
31	2566	0
24	2567	0
23	2568	0
0	2569	0
11	2570	1
14	2571	1
26	2571	0
14	2572	1
16	2573	1
29	2573	0
36	2573	0
8	2574	0
21	2575	0
3	2576	0
13	2576	0
11	2577	0
13	2577	0
30	2577	0
25	2578	1
2	2579	0
25	2579	1
0	2580	0
28	2581	0
3	2582	0
32	2582	0
34	2582	0
37	2582	1
35	2583	0
6	2584	1
28	2584	0
32	2584	0
1	2585	1
17	2585	1
3	2586	1
11	2586	1
6	2587	1
13	2587	0
21	2587	0
34	2587	0
18	2588	0
21	2588	1
24	2588	0
36	2588	0
11	2589	0
39	2589	0
8	2590	0
20	2590	0
32	2590	0
34	2590	0
6	2591	1
31	2591	0
35	2591	0
13	2592	0
14	2593	1
12	2594	0
20	2594	0
34	2594	0
0	2595	0
3	2596	0
32	2596	0
14	2597	0
35	2597	0
7	2598	0
8	2598	0
38	2599	0
8	2600	1
14	2600	0
34	2600	1
38	2600	0
14	2601	0
18	2601	0
26	2601	0
14	2602	0
15	2602	0
17	2602	0
36	2602	0
20	2603	1
34	2604	0
6	2605	0
20	2605	0
26	2605	0
30	2605	1
36	2605	0
18	2606	0
0	2607	0
1	2608	0
17	2608	0
28	2608	0
29	2608	0
20	2609	0
21	2609	0
29	2609	0
28	2610	0
32	2610	0
8	2611	0
7	2612	1
15	2612	1
32	2612	0
15	2613	0
20	2614	0
21	2614	1
28	2614	0
6	2615	0
11	2615	1
12	2615	1
24	2615	0
32	2615	0
13	2616	0
23	2616	0
32	2616	0
21	2617	0
11	2618	1
34	2618	1
17	2619	0
18	2619	0
17	2620	0
20	2620	0
25	2620	0
29	2620	0
13	2621	1
17	2621	0
29	2621	0
3	2622	0
32	2622	0
35	2623	0
3	2624	0
7	2624	1
21	2624	0
18	2625	0
11	2626	1
23	2627	0
21	2628	1
35	2628	0
21	2629	1
15	2630	0
15	2631	0
17	2631	1
21	2631	1
13	2632	0
21	2632	1
23	2632	0
13	2633	0
23	2633	1
21	2634	0
34	2634	0
35	2634	0
21	2635	1
26	2635	0
31	2635	0
3	2636	1
8	2637	0
15	2637	0
37	2637	1
38	2637	0
17	2638	0
20	2638	1
21	2638	1
32	2638	0
7	2639	0
12	2640	0
3	2641	0
6	2642	1
21	2642	0
33	2642	0
34	2642	0
6	2643	0
30	2643	0
37	2643	1
3	2644	0
28	2644	0
34	2644	0
18	2645	0
29	2646	0
29	2647	0
11	2648	1
15	2648	0
35	2648	0
17	2649	0
18	2650	0
36	2650	0
31	2651	0
14	2652	0
22	2652	0
35	2653	0
18	2654	1
28	2654	0
29	2654	0
32	2654	1
1	2655	0
6	2655	0
15	2655	1
18	2655	1
23	2655	1
32	2655	0
0	2656	1
3	2656	0
36	2656	0
15	2657	0
13	2658	0
23	2658	1
25	2659	1
1	2660	0
14	2660	0
18	2660	0
15	2661	0
21	2661	1
35	2661	1
17	2662	0
19	2662	0
12	2663	0
13	2663	0
22	2664	1
0	2665	0
8	2665	1
22	2665	0
33	2666	0
6	2667	1
13	2667	0
28	2667	1
8	2668	1
14	2669	0
28	2669	0
34	2669	1
29	2670	0
34	2670	0
13	2671	0
21	2671	1
3	2672	0
15	2673	0
3	2674	0
20	2674	0
33	2674	0
14	2675	0
19	2675	0
20	2675	0
26	2675	1
3	2676	0
19	2676	1
28	2676	0
36	2676	1
26	2677	0
11	2678	0
13	2678	0
34	2678	0
0	2679	0
25	2679	1
18	2680	0
34	2680	0
11	2681	1
18	2681	0
21	2681	0
25	2681	0
21	2682	0
29	2682	1
9	2683	1
38	2684	0
12	2685	0
15	2685	0
35	2685	0
25	2686	1
5	2687	0
18	2688	0
28	2688	1
38	2688	0
6	2689	0
14	2689	1
18	2689	0
30	2690	0
34	2690	1
3	2691	0
23	2691	0
3	2692	0
15	2692	0
8	2693	0
17	2694	0
36	2694	1
3	2695	1
23	2695	1
13	2696	0
24	2697	1
29	2697	0
17	2698	0
12	2699	0
13	2699	0
28	2699	1
30	2699	0
34	2699	0
11	2700	0
26	2701	0
1	2702	1
21	2702	0
31	2702	0
10	2703	0
0	2704	0
19	2705	0
8	2706	0
11	2706	0
23	2706	0
35	2706	0
24	2707	0
9	2708	1
25	2709	0
34	2709	0
13	2710	0
15	2710	0
18	2710	0
34	2710	1
15	2711	1
29	2711	0
35	2712	0
12	2713	0
23	2714	0
29	2714	0
29	2715	1
30	2715	0
32	2715	0
1	2716	0
14	2716	0
32	2716	1
29	2717	0
35	2717	0
1	2718	0
28	2718	0
15	2719	1
21	2719	0
1	2720	0
37	2720	0
8	2721	1
17	2721	0
20	2721	0
23	2721	0
13	2722	0
15	2722	1
18	2722	1
22	2722	0
26	2722	0
28	2723	0
32	2723	0
13	2724	0
38	2724	1
32	2725	0
12	2726	0
15	2726	0
19	2726	0
26	2726	0
32	2726	0
32	2727	0
11	2728	1
17	2728	0
28	2728	0
32	2728	0
30	2729	0
3	2730	0
6	2730	0
12	2730	0
1	2731	1
20	2731	0
26	2731	0
28	2731	0
7	2732	1
3	2733	1
13	2733	1
22	2733	0
9	2734	1
12	2735	0
25	2735	0
0	2736	1
2	2736	0
32	2736	0
35	2736	0
22	2737	0
1	2738	0
3	2738	0
21	2739	0
31	2739	0
35	2739	0
7	2740	0
13	2741	0
29	2741	1
0	2742	0
31	2742	0
32	2742	0
27	2743	0
0	2744	0
28	2744	1
15	2745	0
30	2745	0
38	2745	0
15	2746	0
21	2746	1
23	2746	0
28	2746	0
38	2746	0
15	2747	1
18	2747	0
32	2747	1
14	2748	0
32	2749	0
13	2750	0
28	2751	0
32	2751	0
6	2752	0
12	2752	0
14	2753	0
26	2753	0
28	2753	1
21	2754	0
0	2755	0
3	2756	0
13	2756	0
32	2756	0
21	2757	0
17	2758	0
29	2758	0
38	2758	1
32	2759	0
34	2759	1
7	2760	0
15	2760	0
17	2760	1
36	2760	0
38	2761	0
3	2762	0
6	2762	0
30	2762	0
38	2763	0
38	2764	1
39	2764	0
36	2765	1
15	2766	1
22	2767	0
29	2768	0
31	2768	0
20	2769	0
0	2770	0
3	2770	0
18	2770	0
28	2770	0
7	2771	0
14	2771	1
21	2771	1
30	2771	0
34	2771	0
13	2772	0
33	2772	0
15	2773	1
17	2773	0
21	2773	0
29	2773	0
34	2773	0
21	2774	0
32	2774	0
6	2775	0
17	2775	0
12	2776	0
13	2777	0
15	2777	1
21	2777	0
23	2778	0
14	2779	1
29	2779	1
35	2780	0
21	2781	0
28	2781	1
11	2782	1
12	2782	0
13	2782	0
7	2783	1
12	2783	0
14	2783	0
28	2783	0
21	2784	1
23	2785	0
29	2785	1
12	2786	0
20	2787	0
25	2788	0
3	2789	0
14	2789	0
20	2789	1
34	2789	1
11	2790	1
32	2790	0
36	2790	0
6	2791	0
11	2792	1
13	2792	0
30	2792	0
24	2793	0
20	2794	0
13	2795	0
20	2795	0
18	2796	0
14	2797	0
23	2797	0
13	2798	0
20	2798	0
34	2799	0
8	2800	1
30	2800	0
0	2801	0
19	2801	0
28	2801	0
1	2802	1
15	2802	0
18	2802	1
26	2802	1
34	2802	0
12	2803	0
5	2804	0
17	2804	0
34	2804	0
3	2805	0
12	2805	0
31	2805	0
35	2806	0
0	2807	0
11	2807	1
15	2807	0
4	2808	0
23	2809	0
29	2809	0
21	2810	0
24	2810	0
3	2811	1
35	2811	1
11	2812	0
29	2812	0
12	2813	0
21	2813	0
30	2814	1
32	2814	0
12	2815	0
17	2816	0
18	2816	0
15	2817	0
1	2818	0
22	2819	0
30	2819	0
29	2820	0
16	2821	0
29	2822	0
38	2822	0
0	2823	0
13	2823	0
34	2823	1
9	2824	0
25	2825	0
34	2825	1
17	2826	1
2	2827	0
15	2827	1
19	2827	0
20	2827	0
6	2828	1
21	2828	0
13	2829	1
15	2829	0
26	2829	0
35	2829	0
3	2830	0
11	2830	1
18	2830	0
21	2830	1
29	2830	0
31	2830	1
32	2830	0
33	2830	0
35	2830	0
2	2831	0
4	2832	0
13	2832	0
14	2832	0
6	2833	0
29	2833	1
36	2833	1
32	2834	0
2	2835	0
20	2836	1
6	2837	0
15	2837	1
17	2837	0
28	2837	0
36	2837	0
3	2838	0
28	2838	0
23	2839	0
35	2839	0
36	2839	0
15	2840	1
32	2840	1
17	2841	0
17	2842	0
20	2842	1
23	2843	0
11	2844	1
13	2844	0
15	2844	0
35	2844	0
37	2844	0
21	2845	1
26	2845	0
34	2845	0
35	2845	1
29	2846	1
28	2847	0
13	2848	0
25	2849	0
21	2850	1
29	2850	0
1	2851	0
18	2851	1
20	2851	0
34	2851	0
1	2852	1
12	2852	0
20	2852	1
34	2852	0
36	2852	0
12	2853	0
19	2854	1
35	2855	1
14	2856	0
28	2856	1
15	2857	0
5	2858	1
29	2858	0
15	2859	0
1	2860	1
18	2861	0
14	2862	0
28	2862	0
14	2863	0
29	2863	0
2	2864	0
29	2864	0
31	2864	0
32	2864	0
34	2864	0
13	2865	0
29	2865	0
1	2866	0
3	2866	0
26	2866	0
15	2867	0
21	2867	0
22	2867	0
29	2867	0
15	2868	0
29	2868	0
20	2869	0
8	2870	1
21	2870	0
29	2870	0
14	2871	0
12	2872	0
28	2873	0
0	2874	0
7	2874	0
22	2875	0
33	2875	0
35	2875	0
0	2876	0
28	2877	0
29	2877	0
24	2878	0
20	2879	0
29	2879	0
14	2880	0
20	2880	0
36	2881	0
20	2882	0
34	2882	0
26	2883	0
0	2884	0
34	2884	0
14	2885	1
20	2885	0
22	2885	0
23	2885	0
29	2885	0
32	2885	0
1	2886	1
12	2886	1
14	2887	0
30	2887	0
3	2888	0
11	2888	1
15	2888	1
30	2889	0
13	2890	0
16	2890	0
29	2891	0
8	2892	1
20	2892	1
22	2892	1
30	2892	0
34	2892	0
17	2893	0
25	2893	0
1	2894	0
15	2894	0
35	2894	0
1	2895	0
21	2895	0
24	2895	0
32	2895	0
12	2896	0
32	2896	0
19	2897	1
17	2898	0
11	2899	1
14	2899	0
11	2900	0
32	2900	0
0	2901	1
21	2901	1
0	2902	0
24	2902	0
11	2903	1
13	2903	0
20	2903	1
25	2903	0
0	2904	0
31	2905	0
26	2906	0
32	2907	0
18	2908	0
3	2909	0
4	2910	0
1	2911	0
3	2911	0
16	2911	0
17	2911	0
8	2912	0
13	2912	0
35	2912	0
38	2912	0
23	2913	0
32	2913	0
12	2914	0
14	2914	0
21	2914	1
17	2915	1
18	2915	0
30	2915	0
19	2916	0
3	2917	0
0	2918	1
6	2918	0
13	2918	0
26	2918	0
34	2918	0
35	2918	0
22	2919	1
0	2920	0
6	2920	1
28	2920	0
37	2920	0
15	2921	0
28	2921	0
13	2922	0
25	2922	0
32	2922	0
8	2923	1
22	2923	0
6	2924	1
22	2925	1
32	2925	0
3	2926	0
18	2926	0
20	2927	0
33	2927	0
30	2928	0
38	2928	0
8	2929	1
34	2929	0
34	2930	0
15	2931	1
16	2931	0
35	2931	0
16	2932	1
0	2933	0
0	2934	1
11	2934	1
32	2934	0
37	2934	1
28	2935	1
9	2936	0
26	2936	0
30	2936	0
32	2936	0
0	2937	0
18	2937	0
17	2938	0
12	2939	0
28	2939	0
5	2940	0
6	2940	1
11	2940	0
15	2940	1
26	2940	0
12	2941	0
1	2942	0
3	2942	0
14	2942	0
21	2943	0
7	2944	0
11	2944	0
28	2944	0
5	2945	0
14	2945	0
20	2945	1
29	2945	0
2	2946	0
11	2947	0
18	2947	0
3	2948	1
6	2949	0
8	2949	1
13	2949	0
14	2949	0
34	2949	0
21	2950	0
7	2951	0
15	2951	0
30	2951	0
17	2952	0
20	2953	0
15	2954	1
35	2955	0
29	2956	0
30	2956	0
29	2957	0
30	2957	0
19	2958	0
30	2959	0
31	2959	0
34	2959	0
20	2960	0
32	2960	1
12	2961	1
13	2961	0
4	2962	0
13	2962	0
14	2962	0
22	2962	0
32	2962	0
24	2963	0
28	2964	1
29	2964	1
14	2965	0
18	2965	0
31	2965	0
35	2965	0
12	2966	0
32	2967	0
25	2968	1
24	2969	1
8	2970	1
13	2970	0
29	2970	0
32	2971	0
0	2972	0
33	2972	1
13	2973	0
17	2973	1
12	2974	0
2	2975	1
15	2975	0
6	2976	0
15	2976	0
23	2976	0
29	2976	0
34	2976	0
13	2977	1
21	2977	1
32	2977	1
3	2978	0
1	2979	1
18	2979	1
20	2979	1
34	2979	0
3	2980	0
6	2980	0
21	2980	0
18	2981	1
25	2981	1
36	2981	1
38	2981	0
38	2982	0
28	2983	0
22	2984	0
8	2985	1
29	2985	0
9	2986	1
0	2987	1
27	2988	0
35	2988	0
37	2988	0
38	2988	0
25	2989	0
32	2989	1
6	2990	0
18	2990	0
34	2990	0
29	2991	0
34	2991	0
11	2992	1
28	2992	1
3	2993	0
14	2993	0
25	2993	0
24	2994	0
36	2995	0
14	2996	0
23	2997	0
35	2997	1
20	2998	1
29	2998	0
14	2999	0
34	2999	0
20	3000	0
30	3000	0
31	3001	0
7	3002	0
29	3002	0
3	3003	0
34	3004	1
0	3005	0
6	3005	1
32	3005	0
14	3006	0
28	3007	0
7	3008	0
26	3008	0
15	3009	0
28	3010	1
31	3010	0
32	3010	0
38	3010	0
0	3011	0
6	3011	0
18	3011	0
20	3011	0
36	3011	1
1	3012	0
6	3012	1
14	3012	0
0	3013	0
6	3014	1
13	3014	0
28	3014	0
13	3015	0
20	3015	1
33	3015	0
34	3015	0
38	3015	0
6	3016	0
34	3016	0
4	3017	1
33	3018	0
9	3019	1
18	3019	0
29	3019	1
36	3019	1
11	3020	1
35	3020	0
13	3021	1
8	3022	1
21	3023	0
24	3023	1
36	3023	0
21	3024	0
2	3025	0
29	3025	0
31	3025	0
36	3025	1
14	3026	0
15	3026	0
18	3026	0
32	3026	0
35	3026	0
39	3026	0
28	3027	1
3	3028	0
23	3028	0
33	3028	1
32	3029	0
17	3030	0
20	3030	1
28	3030	1
14	3031	0
15	3031	1
26	3031	0
28	3031	0
17	3032	0
32	3033	0
36	3034	0
21	3035	0
6	3036	0
8	3036	1
12	3036	0
26	3036	0
30	3036	0
4	3037	1
12	3037	0
28	3037	1
38	3038	0
15	3039	1
35	3039	1
18	3040	0
20	3041	0
28	3041	0
4	3042	0
14	3043	0
29	3043	0
36	3043	0
11	3044	0
15	3044	1
26	3044	1
15	3045	0
29	3045	0
39	3045	0
34	3046	0
38	3046	1
19	3047	0
8	3048	1
20	3048	0
21	3048	1
18	3049	0
27	3049	0
0	3050	1
3	3050	0
2	3051	1
8	3051	0
32	3051	0
2	3052	0
6	3052	0
0	3053	0
27	3053	0
13	3054	0
32	3054	0
35	3054	0
32	3055	0
5	3056	0
21	3056	0
0	3057	1
23	3057	0
29	3057	1
31	3057	0
0	3058	0
11	3058	1
18	3058	0
28	3059	0
32	3060	0
0	3061	1
3	3061	0
17	3061	0
29	3061	0
13	3062	0
22	3062	0
34	3062	0
0	3063	0
13	3064	1
29	3064	1
14	3065	0
32	3065	0
34	3065	1
13	3066	0
32	3066	0
35	3066	0
13	3067	1
14	3067	1
1	3068	1
17	3068	0
30	3068	0
1	3069	0
7	3070	1
11	3070	1
32	3070	0
7	3071	1
15	3072	0
19	3072	0
26	3072	0
19	3073	0
32	3073	0
37	3073	0
28	3074	1
24	3075	0
28	3075	0
3	3076	1
12	3077	1
13	3078	0
19	3078	0
28	3078	0
22	3079	0
8	3080	0
20	3080	0
0	3081	0
6	3081	0
20	3081	1
35	3081	1
39	3082	0
20	3083	0
21	3084	0
14	3085	1
21	3085	0
31	3085	0
32	3085	0
11	3086	1
2	3087	1
16	3088	1
24	3088	1
20	3089	0
21	3089	0
13	3090	0
14	3090	0
20	3090	0
28	3090	0
31	3090	1
32	3090	0
9	3091	1
28	3092	0
0	3093	0
3	3094	0
18	3094	0
31	3094	0
38	3094	0
39	3095	0
4	3096	0
5	3097	1
13	3097	0
34	3097	0
38	3097	0
12	3098	1
21	3099	0
1	3100	1
32	3100	0
34	3100	0
36	3101	0
30	3102	0
36	3102	0
6	3103	0
26	3103	0
2	3104	0
11	3105	0
21	3105	1
28	3105	1
14	3106	0
11	3107	0
21	3107	0
30	3107	0
0	3108	0
33	3108	0
34	3108	1
36	3108	1
6	3109	0
7	3109	0
14	3109	0
15	3109	0
21	3109	0
32	3109	0
35	3109	0
0	3110	1
6	3111	0
30	3111	0
13	3112	1
15	3112	0
26	3112	0
32	3113	0
0	3114	0
11	3114	0
21	3114	1
32	3114	1
36	3115	0
11	3116	0
21	3117	0
32	3117	0
38	3117	0
21	3118	0
17	3119	0
32	3119	1
18	3120	0
22	3121	0
23	3121	1
5	3122	0
30	3122	0
1	3123	0
6	3123	0
28	3123	0
0	3124	1
21	3124	0
3	3125	1
31	3125	0
38	3125	1
6	3126	0
16	3126	1
21	3126	0
22	3126	0
1	3127	0
3	3127	0
19	3128	0
6	3129	0
6	3130	0
38	3130	0
1	3131	0
18	3131	0
15	3132	0
23	3132	0
35	3132	0
36	3132	0
11	3133	0
6	3134	0
16	3134	0
26	3134	0
30	3135	0
6	3136	0
21	3136	1
28	3136	0
31	3136	0
21	3137	0
21	3138	1
22	3138	0
3	3139	0
12	3139	0
31	3139	0
12	3140	0
13	3140	0
11	3141	1
36	3141	1
3	3142	0
15	3142	1
29	3142	0
17	3143	1
20	3143	0
24	3143	0
35	3143	0
27	3144	0
21	3145	0
0	3146	0
33	3147	1
22	3148	0
32	3148	0
9	3149	1
24	3149	0
30	3149	0
13	3150	0
13	3151	0
21	3151	1
3	3152	0
28	3152	1
21	3153	1
11	3154	0
18	3154	0
23	3154	0
38	3154	0
28	3155	1
11	3156	0
6	3157	1
35	3157	0
31	3158	0
29	3159	0
36	3159	0
21	3160	0
28	3160	0
30	3160	0
0	3161	0
7	3162	1
18	3163	1
4	3164	1
6	3164	0
32	3165	1
14	3166	0
21	3166	0
28	3166	0
15	3167	0
34	3168	0
29	3169	0
2	3170	0
13	3170	0
22	3170	0
29	3170	0
15	3171	0
0	3172	0
28	3172	0
10	3173	1
11	3174	0
20	3175	1
5	3176	0
25	3177	1
26	3177	1
30	3177	0
36	3177	0
28	3178	0
27	3179	0
13	3180	0
36	3180	0
23	3181	1
2	3182	0
13	3182	0
17	3182	0
28	3183	0
17	3184	0
23	3184	1
26	3184	0
3	3185	0
7	3186	1
13	3186	0
27	3186	1
38	3186	1
8	3187	1
17	3187	0
2	3188	1
5	3188	0
8	3188	1
19	3188	0
23	3188	0
1	3189	1
11	3189	0
13	3190	0
20	3190	1
30	3191	0
33	3191	0
14	3192	0
17	3192	1
31	3192	1
28	3193	0
32	3193	0
38	3193	0
30	3194	0
3	3195	0
6	3196	0
17	3196	0
3	3197	0
8	3197	0
18	3197	0
1	3198	0
34	3198	0
28	3199	0
13	3200	1
16	3200	0
20	3200	0
1	3201	0
31	3202	1
34	3202	0
18	3203	0
6	3204	1
20	3205	1
22	3205	0
28	3205	1
11	3206	0
24	3206	0
26	3206	0
6	3207	1
31	3207	1
17	3208	0
21	3208	0
34	3208	0
36	3209	0
8	3210	1
29	3210	0
36	3210	0
20	3211	1
24	3211	0
28	3212	1
11	3213	1
24	3213	0
29	3213	0
13	3214	0
1	3215	0
6	3216	0
30	3216	0
32	3216	1
28	3217	0
30	3217	0
12	3218	0
17	3218	0
21	3218	0
12	3219	0
13	3219	0
38	3220	0
14	3221	1
1	3222	0
11	3222	1
21	3222	0
25	3223	0
19	3224	0
3	3225	1
11	3225	1
17	3225	0
11	3226	1
17	3226	0
30	3226	0
35	3226	0
13	3227	0
17	3227	1
20	3227	0
26	3227	1
28	3227	1
8	3228	1
30	3228	0
38	3228	0
17	3229	0
6	3230	0
13	3230	1
14	3231	0
26	3231	0
15	3232	0
22	3232	0
28	3233	0
8	3234	1
31	3234	1
23	3235	1
26	3236	0
28	3236	0
14	3237	1
18	3237	0
34	3237	0
21	3238	1
7	3239	0
13	3239	0
5	3240	0
13	3241	1
15	3242	1
39	3243	0
29	3244	0
1	3245	0
14	3246	0
35	3246	0
3	3247	0
12	3248	0
30	3248	0
16	3249	0
14	3250	0
22	3250	0
26	3250	0
22	3251	0
23	3251	0
26	3251	0
33	3251	0
20	3252	1
28	3252	0
6	3253	1
20	3253	0
36	3253	0
0	3254	1
5	3255	0
31	3255	0
14	3256	0
19	3256	0
20	3256	0
11	3257	1
15	3257	0
28	3257	1
29	3257	0
32	3257	0
21	3258	1
24	3258	0
30	3258	0
17	3259	0
23	3259	0
32	3259	0
15	3260	0
38	3260	0
17	3261	1
30	3262	1
7	3263	1
15	3263	0
34	3263	0
12	3264	0
17	3264	0
28	3264	0
32	3264	0
7	3265	0
8	3265	0
6	3266	0
21	3266	0
23	3266	0
24	3266	0
0	3267	0
14	3267	0
29	3268	1
14	3269	1
28	3269	0
7	3270	0
32	3271	0
3	3272	0
0	3273	0
19	3273	1
31	3273	0
11	3274	0
13	3275	0
28	3275	0
36	3275	0
19	3276	0
30	3276	0
21	3277	0
34	3277	0
18	3278	0
30	3278	0
1	3279	0
1	3280	0
6	3280	0
28	3280	0
13	3281	1
30	3281	0
6	3282	0
15	3282	0
28	3283	0
21	3284	0
22	3284	0
28	3284	0
8	3285	0
14	3285	0
32	3285	0
39	3285	0
0	3286	1
3	3286	1
14	3286	0
37	3286	0
12	3287	1
28	3287	0
18	3288	0
34	3288	0
35	3289	0
14	3290	0
15	3290	0
20	3290	1
26	3290	1
29	3290	0
15	3291	0
18	3291	0
0	3292	0
0	3293	0
11	3294	0
13	3294	1
28	3294	0
22	3295	0
1	3296	0
35	3296	0
38	3296	0
14	3297	0
32	3297	0
13	3298	0
32	3299	1
20	3300	0
24	3300	0
32	3300	1
0	3301	0
3	3301	0
34	3301	0
6	3302	1
12	3302	0
18	3302	1
6	3303	1
12	3303	0
17	3303	0
18	3303	0
28	3303	0
30	3304	0
35	3305	0
1	3306	0
20	3306	0
22	3306	0
29	3306	0
31	3306	0
13	3307	0
33	3307	0
3	3308	0
28	3308	0
34	3308	1
25	3309	0
6	3310	0
8	3310	1
15	3310	0
24	3310	0
21	3311	1
25	3311	0
29	3311	0
6	3312	0
15	3312	0
11	3313	0
18	3313	0
36	3313	0
33	3314	0
36	3314	1
0	3315	0
37	3315	0
29	3316	0
35	3316	0
31	3317	0
28	3318	0
35	3318	1
6	3319	0
6	3320	0
20	3320	0
30	3320	1
19	3321	0
24	3322	1
30	3322	0
6	3323	1
16	3324	1
17	3324	0
21	3324	0
23	3324	1
27	3324	0
35	3324	0
32	3325	1
18	3326	0
36	3326	0
2	3327	1
35	3328	0
0	3329	1
31	3329	0
13	3330	0
16	3331	0
32	3331	0
35	3331	0
20	3332	0
29	3332	0
36	3333	0
11	3334	0
17	3335	0
6	3336	1
19	3337	0
21	3337	1
31	3338	0
35	3339	0
20	3340	0
5	3341	0
20	3341	1
18	3342	0
23	3343	0
29	3343	1
20	3344	0
28	3345	0
30	3345	1
16	3346	1
0	3347	0
28	3347	0
34	3347	0
6	3348	0
21	3348	0
31	3348	0
26	3349	0
20	3350	0
13	3351	0
17	3351	0
19	3352	0
29	3352	1
17	3353	0
18	3353	0
30	3353	0
32	3353	1
34	3354	0
21	3355	0
21	3356	1
34	3357	0
14	3358	0
6	3359	1
17	3359	0
30	3359	0
24	3360	0
33	3360	0
30	3361	0
32	3361	0
8	3362	0
32	3362	1
35	3362	0
9	3363	0
18	3364	0
24	3365	0
34	3365	0
11	3366	1
13	3366	0
14	3366	0
18	3366	0
29	3366	1
6	3367	0
13	3367	0
23	3367	0
3	3368	0
17	3368	0
21	3368	1
14	3369	1
22	3369	1
35	3369	0
11	3370	1
21	3370	0
34	3370	0
29	3371	0
32	3371	0
14	3372	0
29	3373	0
31	3373	1
6	3374	0
12	3374	0
18	3374	1
22	3374	0
8	3375	1
11	3375	0
17	3375	0
20	3375	0
3	3376	1
15	3376	1
23	3376	0
1	3377	0
16	3377	1
34	3377	0
18	3378	0
8	3379	0
20	3379	1
28	3379	0
12	3380	0
16	3380	0
32	3380	0
11	3381	0
17	3381	0
20	3382	0
30	3382	0
27	3383	0
27	3384	0
14	3385	0
15	3385	1
20	3385	0
21	3385	1
38	3385	0
30	3386	0
6	3387	1
14	3387	0
12	3388	0
17	3388	1
23	3389	0
24	3389	1
28	3389	0
38	3389	0
13	3390	0
14	3390	0
35	3390	0
18	3391	0
29	3391	0
13	3392	0
20	3392	0
10	3393	0
14	3393	0
20	3393	1
22	3393	0
13	3394	0
15	3395	0
28	3396	1
12	3397	0
20	3398	0
32	3398	0
17	3399	0
0	3400	0
14	3400	0
38	3400	0
21	3401	0
30	3402	0
32	3402	0
29	3403	1
34	3403	1
12	3404	0
33	3404	0
34	3404	0
11	3405	0
38	3406	0
18	3407	0
28	3407	1
34	3407	0
32	3408	0
34	3408	0
21	3409	0
6	3410	0
28	3410	1
8	3411	0
14	3411	0
23	3412	0
30	3412	0
38	3412	0
8	3413	1
14	3413	0
32	3414	0
11	3415	1
13	3415	0
18	3415	1
20	3415	1
18	3416	0
23	3416	1
33	3417	1
3	3418	0
13	3419	0
30	3419	0
32	3419	1
6	3420	0
13	3420	0
21	3420	1
24	3420	0
29	3420	0
34	3420	0
6	3421	0
6	3422	1
18	3423	0
20	3423	0
28	3423	1
26	3424	0
32	3424	0
36	3424	0
37	3424	1
7	3425	0
28	3425	0
15	3426	0
32	3426	0
21	3427	1
17	3428	0
14	3429	0
19	3429	0
21	3429	1
32	3429	0
15	3430	0
25	3431	0
37	3432	1
12	3433	0
3	3434	0
33	3434	0
13	3435	0
30	3436	1
35	3436	0
17	3437	0
28	3437	1
8	3438	0
3	3439	0
13	3440	0
32	3440	0
34	3440	1
33	3441	0
6	3442	0
3	3443	1
11	3443	0
31	3443	0
35	3443	0
20	3444	0
21	3444	0
29	3444	0
35	3445	1
15	3446	1
1	3447	1
7	3447	0
17	3447	0
29	3447	0
28	3448	0
13	3449	0
14	3449	0
20	3449	0
26	3449	0
33	3449	1
8	3450	0
32	3451	0
15	3452	0
1	3453	0
13	3453	0
15	3453	0
19	3453	0
6	3454	0
28	3454	0
6	3455	0
8	3455	1
13	3455	1
30	3455	0
34	3456	0
30	3457	0
28	3458	1
29	3458	0
34	3458	0
39	3458	0
1	3459	1
13	3459	0
12	3460	0
32	3460	0
20	3461	0
21	3461	0
29	3461	0
0	3462	1
21	3462	0
28	3462	0
29	3462	0
35	3462	0
39	3462	1
21	3463	1
14	3464	0
14	3465	0
28	3466	0
3	3467	0
17	3467	0
3	3468	0
13	3468	0
14	3469	1
18	3470	0
23	3471	0
8	3472	1
4	3473	0
6	3474	0
14	3475	0
23	3475	0
24	3475	0
29	3476	0
37	3476	0
22	3477	0
32	3477	0
0	3478	0
13	3478	0
18	3478	0
22	3478	0
29	3478	0
7	3479	0
16	3479	1
3	3480	0
20	3480	1
32	3480	0
14	3481	1
34	3481	0
11	3482	0
14	3482	0
19	3482	0
24	3482	1
14	3483	0
35	3483	0
13	3484	1
15	3484	0
30	3484	1
1	3485	0
13	3485	0
14	3485	0
21	3485	0
29	3485	0
35	3485	0
9	3486	0
6	3487	1
20	3487	0
35	3487	0
5	3488	1
21	3489	0
14	3490	0
18	3490	0
3	3491	0
6	3492	0
15	3492	0
21	3492	0
29	3492	0
13	3493	0
14	3493	0
29	3494	0
35	3494	0
38	3494	0
18	3495	0
25	3495	0
26	3495	0
30	3495	1
34	3495	0
31	3496	0
29	3497	0
11	3498	0
14	3498	1
20	3498	0
28	3498	1
3	3499	1
20	3500	0
32	3500	0
3	3501	0
0	3502	0
3	3502	0
17	3502	0
31	3502	0
32	3502	0
32	3503	0
17	3504	0
38	3504	1
6	3505	0
13	3505	0
15	3505	0
22	3506	0
21	3507	1
32	3507	0
17	3508	0
32	3508	0
13	3509	0
15	3509	0
17	3509	0
21	3510	0
13	3511	0
15	3511	0
1	3512	1
29	3512	0
14	3513	0
28	3513	0
11	3514	0
22	3515	0
36	3515	1
6	3516	0
5	3517	1
35	3517	0
0	3518	0
6	3518	1
13	3518	0
18	3518	0
0	3519	0
1	3519	1
25	3520	0
18	3521	0
2	3522	1
13	3522	0
32	3522	1
28	3523	0
29	3523	0
38	3524	0
20	3525	0
34	3525	0
0	3526	1
26	3526	0
30	3526	0
35	3526	1
16	3527	1
20	3527	0
0	3528	0
3	3528	0
29	3528	0
3	3529	1
14	3529	1
26	3529	1
39	3530	1
23	3531	1
3	3532	0
31	3532	0
20	3533	0
6	3534	0
26	3534	0
29	3534	0
20	3535	0
31	3536	0
21	3537	1
28	3537	0
32	3537	0
24	3538	0
15	3539	1
18	3539	0
23	3539	0
26	3539	1
6	3540	1
30	3540	1
37	3540	0
22	3541	0
35	3542	0
39	3542	0
0	3543	1
17	3543	0
20	3543	1
34	3543	1
36	3543	1
38	3543	1
34	3544	1
6	3545	0
8	3545	1
13	3545	1
6	3546	1
11	3546	0
17	3546	0
24	3547	0
32	3547	0
20	3548	0
21	3548	0
15	3549	0
14	3550	0
25	3550	0
29	3550	0
7	3551	1
14	3551	0
38	3552	0
1	3553	0
36	3553	1
8	3554	1
36	3554	0
38	3555	0
14	3556	1
3	3557	0
5	3557	0
15	3557	0
29	3557	1
14	3558	0
18	3558	1
30	3558	0
34	3558	0
19	3559	0
8	3560	0
18	3560	0
29	3560	0
12	3561	0
12	3562	0
21	3563	1
6	3564	0
7	3564	1
12	3565	0
13	3566	1
1	3567	0
8	3567	1
11	3567	1
34	3567	0
32	3568	0
0	3569	0
8	3570	1
17	3571	0
0	3572	0
21	3572	1
6	3573	0
3	3574	0
14	3575	1
20	3576	0
29	3576	0
20	3577	0
21	3578	0
32	3578	0
1	3579	1
6	3579	0
11	3579	0
31	3579	0
35	3579	0
8	3580	0
22	3580	0
25	3581	0
13	3582	1
32	3582	0
34	3582	0
14	3583	1
35	3583	0
11	3584	0
29	3584	0
19	3585	0
33	3585	0
11	3586	1
17	3586	0
26	3586	0
28	3586	0
34	3586	0
38	3587	0
20	3588	0
29	3589	0
11	3590	0
32	3591	0
15	3592	0
35	3592	1
29	3593	0
20	3594	0
23	3594	0
35	3594	0
38	3594	0
0	3595	0
11	3595	0
26	3595	0
6	3596	0
15	3596	0
21	3596	0
27	3597	0
28	3598	0
18	3599	0
32	3599	0
33	3599	0
32	3600	0
11	3601	0
13	3601	0
30	3601	0
25	3602	0
30	3603	0
32	3603	0
39	3604	1
8	3605	0
32	3605	0
17	3606	0
19	3606	0
25	3607	0
29	3607	1
32	3607	0
36	3607	0
11	3608	1
23	3609	0
25	3609	0
0	3610	0
5	3611	0
17	3612	0
8	3613	0
21	3613	0
30	3613	1
33	3613	0
34	3613	1
15	3614	0
11	3615	1
25	3615	0
35	3615	0
11	3616	0
13	3616	0
25	3617	1
13	3618	0
14	3618	0
24	3618	1
35	3618	0
38	3618	0
21	3619	0
28	3619	0
1	3620	0
32	3620	0
33	3620	1
36	3620	0
34	3621	1
20	3622	0
8	3623	1
14	3623	0
19	3623	0
3	3624	0
6	3624	0
16	3624	0
17	3624	0
1	3625	1
30	3625	0
38	3625	0
13	3626	0
18	3627	0
39	3628	0
8	3629	0
9	3630	0
1	3631	1
11	3631	0
18	3631	0
32	3631	0
38	3632	0
6	3633	1
8	3633	0
25	3633	0
7	3634	1
31	3635	0
11	3636	0
14	3636	1
1	3637	0
3	3637	0
6	3638	0
14	3638	1
16	3638	0
31	3638	1
16	3639	0
17	3639	0
30	3640	0
38	3640	0
29	3641	1
12	3642	0
21	3642	0
25	3642	0
33	3643	1
6	3644	1
29	3644	0
4	3645	0
26	3646	0
37	3647	0
13	3648	0
6	3649	0
11	3649	0
26	3649	1
5	3650	0
6	3651	1
18	3651	1
28	3651	1
30	3652	0
36	3652	0
12	3653	0
32	3653	0
36	3653	0
38	3653	0
0	3654	0
17	3654	0
26	3654	0
11	3655	0
21	3656	0
28	3656	1
18	3657	0
29	3657	0
34	3658	1
15	3659	1
18	3659	0
0	3660	0
22	3660	0
26	3660	0
0	3661	0
21	3661	0
14	3662	0
33	3663	1
6	3664	0
0	3665	0
15	3665	0
27	3666	1
15	3667	0
11	3668	0
6	3669	0
21	3669	0
28	3669	0
15	3670	0
17	3670	0
18	3670	0
8	3671	0
4	3672	1
13	3672	0
21	3672	1
32	3673	0
29	3674	0
15	3675	1
19	3676	0
22	3677	0
37	3677	0
17	3678	1
18	3678	0
28	3678	0
34	3679	0
35	3679	0
38	3679	0
3	3680	0
28	3680	0
32	3680	1
36	3680	0
24	3681	0
36	3681	0
7	3682	0
17	3683	0
29	3684	0
23	3685	0
28	3685	0
17	3686	0
32	3686	0
34	3686	0
36	3686	0
3	3687	0
13	3687	1
11	3688	0
38	3688	0
1	3689	1
21	3690	0
35	3690	1
35	3691	0
3	3692	0
17	3692	0
36	3692	0
28	3693	0
3	3694	0
21	3695	0
4	3696	0
13	3696	0
17	3696	0
30	3696	0
39	3696	0
1	3697	0
13	3697	0
35	3697	1
18	3698	0
6	3699	0
29	3699	0
6	3700	1
34	3700	0
12	3701	1
17	3701	1
21	3701	1
29	3701	0
3	3702	0
30	3702	0
36	3702	0
18	3703	0
13	3704	0
15	3705	0
19	3706	0
36	3707	1
13	3708	0
14	3708	0
15	3708	0
23	3708	0
6	3709	0
1	3710	0
7	3711	0
17	3711	1
1	3712	1
21	3712	0
29	3712	0
32	3712	0
23	3713	0
26	3714	1
5	3715	0
3	3716	0
6	3716	0
14	3717	1
22	3717	0
21	3718	0
30	3719	1
11	3720	1
18	3720	0
22	3720	0
32	3720	1
37	3720	0
33	3721	0
38	3722	0
26	3723	0
28	3724	0
23	3725	0
21	3726	0
29	3726	0
32	3726	1
30	3727	0
15	3728	0
17	3728	0
3	3729	0
13	3729	1
17	3729	0
30	3729	0
38	3729	1
26	3730	0
34	3730	0
35	3730	0
6	3731	1
32	3731	0
25	3732	0
29	3733	0
35	3733	0
6	3734	0
20	3734	0
32	3734	0
13	3735	1
17	3736	0
18	3736	0
14	3737	0
29	3737	0
18	3738	0
26	3738	1
32	3738	0
13	3739	0
24	3739	0
13	3740	1
28	3740	0
6	3741	1
11	3741	0
3	3742	0
14	3742	0
17	3742	0
20	3742	0
32	3742	0
3	3743	0
32	3743	0
11	3744	1
26	3744	0
32	3744	1
1	3745	0
29	3746	0
25	3747	0
38	3747	0
25	3748	0
26	3748	0
30	3748	0
17	3749	0
36	3749	0
13	3750	0
20	3751	0
21	3751	1
21	3752	1
33	3752	0
14	3753	0
23	3753	1
29	3753	0
35	3753	0
13	3754	0
15	3754	0
32	3755	1
11	3756	0
3	3757	0
28	3757	0
32	3757	0
29	3758	1
5	3759	0
8	3759	0
2	3760	0
6	3761	1
8	3761	0
13	3761	1
22	3761	0
26	3761	1
33	3761	0
17	3762	0
30	3762	1
36	3762	1
15	3763	1
35	3763	0
18	3764	1
14	3765	0
33	3765	0
21	3766	0
32	3767	0
11	3768	1
29	3769	0
10	3770	0
13	3771	0
17	3771	1
30	3771	0
32	3771	0
8	3772	1
14	3772	0
26	3772	1
30	3772	1
32	3773	0
13	3774	0
33	3774	0
0	3775	1
30	3775	0
34	3775	0
38	3775	0
15	3776	1
20	3777	0
0	3778	0
13	3778	0
22	3778	0
6	3779	1
7	3779	1
15	3779	1
22	3779	0
38	3779	0
28	3780	0
6	3781	0
8	3781	0
12	3781	0
13	3781	0
32	3781	0
2	3782	0
3	3782	0
12	3782	0
6	3783	0
38	3783	0
18	3784	0
32	3784	0
11	3785	0
38	3786	0
18	3787	1
6	3788	0
29	3788	0
0	3789	0
14	3789	0
15	3789	1
22	3789	0
35	3790	0
13	3791	0
21	3791	1
32	3791	0
34	3791	0
6	3792	0
21	3792	1
28	3792	0
1	3793	0
25	3793	0
28	3793	0
28	3794	1
15	3795	0
31	3796	0
35	3797	0
15	3798	1
26	3798	0
14	3799	0
18	3799	0
15	3800	0
11	3801	0
15	3801	0
30	3801	1
36	3801	0
24	3802	1
1	3803	1
8	3803	0
18	3803	0
12	3804	0
28	3804	0
18	3805	0
26	3805	1
12	3806	0
14	3806	0
34	3806	0
8	3807	0
14	3807	0
0	3808	0
3	3808	1
18	3808	0
29	3809	0
30	3809	0
11	3810	0
19	3810	1
22	3810	1
6	3811	0
26	3811	0
8	3812	0
25	3813	0
11	3814	0
30	3814	0
38	3815	0
13	3816	0
15	3816	0
17	3816	0
21	3816	1
38	3816	0
3	3817	1
6	3818	0
11	3818	0
15	3818	0
22	3818	0
34	3819	1
7	3820	0
26	3820	0
25	3821	0
38	3821	0
13	3822	0
33	3822	0
8	3823	1
17	3823	0
32	3823	0
28	3824	0
0	3825	0
25	3825	0
7	3826	0
11	3826	0
14	3827	0
21	3827	1
7	3828	1
6	3829	0
14	3829	0
1	3830	0
34	3830	0
34	3831	0
35	3831	0
18	3832	0
28	3832	1
30	3832	0
0	3833	0
15	3833	0
29	3833	0
3	3834	0
13	3834	0
22	3834	0
28	3834	1
11	3835	1
34	3836	0
4	3837	0
8	3838	0
32	3838	0
34	3838	0
29	3839	0
21	3840	1
3	3841	0
39	3841	0
31	3842	0
15	3843	1
34	3843	0
25	3844	0
32	3845	0
36	3845	0
3	3846	0
13	3846	1
18	3846	0
35	3847	0
26	3848	0
8	3849	1
26	3849	0
28	3850	1
18	3851	0
20	3851	1
28	3851	0
29	3852	0
21	3853	0
25	3853	0
29	3854	0
13	3855	0
22	3855	0
39	3855	0
14	3856	0
20	3856	0
30	3856	0
11	3857	1
15	3857	0
3	3858	0
14	3859	0
26	3859	0
34	3859	0
6	3860	0
32	3860	0
35	3860	0
36	3860	1
7	3861	0
38	3861	0
21	3862	1
22	3862	0
14	3863	0
17	3863	0
11	3864	0
15	3865	0
28	3865	0
38	3865	0
17	3866	1
22	3866	0
28	3866	0
30	3866	0
0	3867	0
30	3867	0
29	3868	0
38	3868	0
33	3869	0
21	3870	0
33	3870	0
34	3870	0
13	3871	0
23	3871	1
30	3871	0
35	3871	0
23	3872	1
8	3873	0
30	3873	1
34	3873	0
35	3873	1
12	3874	0
30	3874	0
30	3875	0
22	3876	0
1	3877	0
3	3877	0
15	3877	0
21	3877	0
28	3877	1
29	3877	0
29	3878	0
0	3879	1
17	3879	0
18	3879	0
38	3879	1
14	3880	1
37	3881	1
18	3882	0
1	3883	0
3	3883	0
15	3883	0
0	3884	0
3	3884	0
15	3884	0
28	3885	0
5	3886	0
12	3886	1
35	3887	0
8	3888	0
12	3888	0
22	3888	0
32	3889	0
0	3890	1
17	3890	0
32	3890	1
11	3891	0
14	3891	0
15	3891	0
20	3891	0
21	3891	0
28	3891	0
30	3891	0
37	3891	0
8	3892	0
18	3892	1
22	3892	0
0	3893	1
15	3893	0
19	3893	0
34	3893	1
21	3894	0
1	3895	1
28	3895	1
39	3895	0
14	3896	0
14	3897	0
20	3897	0
32	3897	0
36	3897	0
16	3898	1
20	3898	0
26	3898	0
7	3899	0
18	3900	0
39	3901	1
0	3902	0
0	3903	0
30	3903	0
35	3903	0
29	3904	1
33	3905	0
18	3906	0
3	3907	0
6	3907	0
22	3907	0
23	3908	0
21	3909	0
14	3910	0
20	3910	0
32	3910	0
32	3911	0
36	3911	0
1	3912	1
32	3912	1
8	3913	0
11	3913	0
17	3913	0
20	3913	0
13	3914	0
21	3914	0
7	3915	0
19	3915	0
22	3916	0
14	3917	0
33	3917	1
28	3918	0
28	3919	0
30	3919	0
20	3920	0
21	3920	0
25	3920	0
15	3921	0
13	3922	0
24	3923	1
35	3923	0
15	3924	0
25	3924	0
26	3925	1
30	3925	0
15	3926	1
29	3926	0
39	3926	0
17	3927	0
29	3927	0
30	3927	0
12	3928	0
30	3928	0
0	3929	0
13	3929	0
20	3930	0
33	3930	0
30	3931	1
23	3932	0
32	3932	0
13	3933	0
35	3933	1
39	3933	0
14	3934	1
0	3935	0
21	3935	0
26	3935	0
28	3935	1
29	3935	0
28	3936	1
7	3937	0
14	3937	0
15	3937	0
20	3937	1
21	3937	0
8	3938	0
35	3938	1
25	3939	0
32	3940	1
8	3941	0
13	3941	0
29	3942	0
12	3943	0
13	3943	0
24	3943	1
15	3944	0
30	3944	0
27	3945	0
0	3946	0
17	3947	1
18	3947	0
35	3947	0
1	3948	0
15	3948	0
31	3948	0
30	3949	0
29	3950	0
36	3950	0
26	3951	0
33	3951	0
22	3952	0
35	3953	1
36	3953	0
3	3954	1
6	3955	0
11	3955	0
15	3955	1
31	3956	0
32	3956	1
1	3957	0
13	3958	0
17	3959	0
13	3960	0
8	3961	0
13	3961	0
17	3961	0
26	3961	0
8	3962	0
23	3962	1
39	3962	0
34	3963	0
30	3964	0
33	3964	0
15	3965	0
13	3966	0
6	3967	0
11	3968	1
13	3969	0
37	3969	0
0	3970	0
13	3971	0
29	3972	1
18	3973	0
15	3974	0
20	3974	0
19	3975	1
20	3975	0
24	3975	0
38	3975	0
16	3976	0
21	3976	1
32	3976	0
18	3977	0
36	3977	0
11	3978	0
30	3978	0
39	3979	0
38	3980	0
6	3981	1
25	3981	0
8	3982	1
21	3982	0
15	3983	1
38	3983	0
6	3984	0
20	3984	0
23	3984	0
29	3984	0
28	3985	0
3	3986	0
27	3986	0
34	3986	0
6	3987	0
21	3987	0
28	3987	0
30	3988	0
14	3989	0
15	3989	0
21	3989	0
29	3990	0
31	3990	0
28	3991	1
6	3992	0
29	3992	0
36	3992	0
14	3993	0
22	3993	0
14	3994	0
20	3995	0
22	3995	0
3	3996	0
5	3997	1
11	3997	1
13	3997	0
26	3997	0
34	3997	0
29	3998	0
6	3999	1
8	3999	0
14	3999	0
32	3999	1
33	4000	0
15	4001	1
36	4001	0
1	4002	0
0	4003	1
36	4003	0
0	4004	1
1	4005	1
14	4005	0
18	4005	0
1	4006	1
15	4006	1
24	4006	0
29	4006	1
32	4006	0
38	4006	0
18	4007	0
29	4007	0
15	4008	0
3	4009	0
11	4009	1
6	4010	0
11	4010	0
14	4010	0
35	4011	0
38	4011	0
3	4012	0
31	4012	0
23	4013	0
29	4013	0
14	4014	1
15	4014	0
19	4014	0
12	4015	0
6	4016	1
5	4017	0
6	4017	0
28	4018	0
12	4019	0
17	4019	0
30	4019	1
38	4019	0
35	4020	0
2	4021	0
24	4021	0
13	4022	1
38	4022	0
36	4023	1
20	4024	1
14	4025	0
18	4025	0
21	4025	1
15	4026	0
18	4026	0
28	4027	0
3	4028	0
18	4028	0
23	4029	0
15	4030	0
2	4031	1
11	4032	0
13	4032	0
26	4032	0
8	4033	1
21	4033	0
20	4034	0
36	4034	1
25	4035	0
30	4035	1
25	4036	0
3	4037	0
1	4038	0
5	4039	1
36	4039	0
29	4040	0
36	4041	0
39	4041	0
23	4042	0
3	4043	0
23	4044	0
11	4045	0
0	4046	1
22	4046	0
17	4047	0
21	4048	1
18	4049	0
1	4050	1
20	4050	0
22	4050	0
13	4051	0
28	4051	0
0	4052	0
1	4052	0
12	4052	0
13	4052	0
28	4052	0
25	4053	1
32	4054	0
6	4055	0
11	4055	1
15	4055	0
18	4055	1
29	4055	0
14	4056	0
6	4057	1
22	4058	0
22	4059	0
26	4059	0
34	4059	0
13	4060	0
30	4060	0
35	4060	0
0	4061	1
6	4061	0
22	4061	0
28	4062	1
18	4063	0
20	4064	0
21	4065	0
32	4065	0
3	4066	0
23	4066	0
28	4067	0
12	4068	0
23	4069	1
7	4070	0
13	4070	0
26	4070	0
8	4071	1
27	4071	1
1	4072	1
32	4072	0
38	4072	0
4	4073	1
20	4073	0
13	4074	0
31	4074	1
15	4075	1
18	4075	0
31	4075	1
17	4076	0
1	4077	0
21	4077	1
23	4077	0
36	4077	0
21	4078	0
1	4079	0
14	4080	1
15	4080	1
34	4080	0
0	4081	0
13	4081	0
14	4081	1
29	4081	1
18	4082	0
22	4082	0
29	4082	1
36	4082	0
21	4083	1
30	4083	0
6	4084	0
15	4084	1
17	4084	0
36	4084	0
4	4085	0
20	4085	0
12	4086	0
20	4086	0
29	4086	0
34	4086	1
29	4087	0
28	4088	0
32	4088	0
34	4088	1
22	4089	0
35	4089	0
23	4090	1
6	4091	0
11	4091	0
12	4092	0
13	4092	0
15	4092	1
28	4092	0
12	4093	1
18	4093	0
30	4093	0
35	4093	0
13	4094	0
21	4094	1
22	4094	0
14	4095	0
36	4095	0
33	4096	0
36	4096	0
10	4097	0
31	4098	0
14	4099	0
32	4099	0
30	4100	0
28	4101	1
11	4102	0
15	4102	1
32	4102	0
13	4103	0
26	4103	0
6	4104	0
1	4105	1
6	4105	0
24	4105	0
11	4106	1
23	4106	0
29	4106	0
33	4106	0
1	4107	0
15	4108	1
26	4109	0
28	4110	1
29	4110	0
24	4111	0
6	4112	0
11	4112	1
22	4112	0
35	4113	1
6	4114	0
26	4114	0
35	4114	1
8	4115	0
36	4115	1
14	4116	0
0	4117	1
11	4117	0
17	4117	0
32	4117	0
20	4118	0
13	4119	0
15	4120	0
17	4120	0
19	4120	1
28	4120	0
35	4120	0
3	4121	0
14	4122	0
30	4122	0
13	4123	0
15	4123	0
30	4124	1
34	4124	0
8	4125	0
6	4126	0
34	4126	0
21	4127	1
17	4128	0
6	4129	0
34	4129	1
6	4130	0
33	4130	0
0	4131	0
13	4131	0
32	4131	0
32	4132	0
30	4133	0
3	4134	0
11	4135	1
17	4135	0
18	4136	1
28	4136	1
6	4137	1
17	4137	0
29	4138	0
14	4139	0
21	4139	1
32	4139	1
28	4140	0
30	4140	0
35	4140	0
30	4141	0
20	4142	0
21	4142	0
22	4143	0
32	4143	1
34	4143	0
37	4144	0
15	4145	0
16	4145	1
23	4145	0
18	4146	0
20	4146	0
21	4146	0
35	4147	0
28	4148	1
36	4148	0
28	4149	0
15	4150	1
39	4150	0
20	4151	0
14	4152	0
13	4153	0
39	4153	0
30	4154	0
31	4154	0
37	4154	1
3	4155	1
11	4155	1
14	4156	0
20	4156	0
21	4156	0
25	4157	1
13	4158	0
14	4158	1
24	4158	0
30	4158	0
36	4158	0
30	4159	0
0	4160	0
7	4160	0
32	4160	0
15	4161	0
38	4161	0
12	4162	0
15	4163	0
1	4164	0
31	4165	0
34	4166	0
6	4167	0
35	4167	0
6	4168	0
34	4168	0
2	4169	0
3	4170	0
11	4170	1
20	4170	0
29	4170	0
14	4171	1
18	4171	0
29	4171	0
36	4171	1
21	4172	0
16	4173	0
32	4174	0
14	4175	0
17	4175	1
23	4175	1
24	4175	0
6	4176	0
25	4176	0
20	4177	0
21	4177	0
36	4177	0
24	4178	1
2	4179	0
20	4179	1
28	4179	0
30	4179	0
37	4179	0
1	4180	0
29	4180	0
21	4181	1
32	4181	1
28	4182	1
6	4183	0
11	4183	1
15	4183	0
22	4183	0
30	4183	0
20	4184	0
36	4185	0
19	4186	0
23	4186	0
8	4187	1
35	4187	0
17	4188	0
35	4188	1
18	4189	0
21	4189	1
18	4190	0
25	4190	0
29	4190	0
23	4191	0
26	4192	0
15	4193	0
1	4194	1
3	4194	0
11	4194	0
13	4194	0
17	4194	0
20	4194	0
31	4194	0
35	4194	1
3	4195	1
28	4196	0
6	4197	0
22	4197	0
30	4197	1
35	4197	1
25	4198	0
38	4199	0
11	4200	1
15	4200	0
35	4200	0
8	4201	1
9	4202	1
34	4203	0
8	4204	1
13	4204	0
14	4204	0
8	4205	0
14	4206	1
15	4207	0
34	4207	0
11	4208	1
11	4209	0
21	4209	0
22	4209	0
31	4210	0
38	4210	1
13	4211	0
22	4211	0
30	4211	0
33	4211	0
23	4212	0
13	4213	0
21	4213	0
28	4213	0
30	4213	1
8	4214	1
15	4214	0
1	4215	0
21	4215	0
30	4215	0
21	4216	1
35	4217	0
13	4218	1
18	4218	1
14	4219	1
2	4220	0
21	4221	1
32	4222	0
35	4223	0
5	4224	0
38	4225	0
14	4226	0
22	4227	0
25	4228	0
0	4229	0
1	4229	0
22	4229	0
29	4229	0
33	4229	1
11	4230	0
24	4230	0
35	4230	0
17	4231	0
24	4231	0
29	4231	0
17	4232	0
33	4233	0
6	4234	0
29	4234	0
14	4235	0
18	4236	0
22	4236	0
29	4236	0
37	4236	0
12	4237	0
32	4237	0
28	4238	0
12	4239	0
13	4240	0
22	4240	0
26	4240	0
21	4241	0
34	4241	0
0	4242	1
13	4242	1
0	4243	1
11	4243	1
32	4243	0
13	4244	0
32	4244	0
14	4245	1
32	4245	0
34	4245	0
35	4245	0
28	4246	1
29	4247	0
21	4248	0
11	4249	0
36	4249	0
22	4250	0
33	4250	0
8	4251	1
11	4251	0
15	4251	0
3	4252	0
17	4252	0
20	4252	0
22	4252	0
23	4252	0
26	4252	0
35	4253	0
31	4254	0
35	4254	0
35	4255	0
1	4256	0
17	4256	0
21	4256	0
11	4257	0
18	4257	0
35	4257	0
3	4258	0
12	4259	0
14	4259	0
17	4259	0
2	4260	0
17	4260	0
21	4261	0
1	4262	1
11	4262	0
20	4262	0
26	4263	0
32	4263	0
33	4263	0
35	4263	0
30	4264	1
32	4265	1
38	4265	0
12	4266	0
17	4266	0
29	4266	0
30	4267	0
17	4268	0
20	4268	0
32	4268	0
14	4269	0
11	4270	0
13	4270	1
14	4270	0
15	4270	1
17	4270	0
28	4270	0
17	4271	0
7	4272	0
17	4272	0
20	4272	0
13	4273	0
18	4273	0
35	4273	0
17	4274	0
33	4274	0
1	4275	0
12	4275	0
21	4275	0
28	4275	0
34	4276	0
13	4277	0
15	4277	0
31	4278	0
3	4279	0
13	4279	0
35	4279	0
5	4280	0
14	4281	0
39	4281	0
0	4282	0
32	4282	0
35	4282	1
0	4283	0
32	4283	1
20	4284	1
7	4285	0
29	4285	1
35	4286	0
6	4287	0
14	4287	0
20	4287	0
18	4288	0
6	4289	0
21	4290	0
28	4290	0
1	4291	0
13	4291	0
29	4291	0
15	4292	0
6	4293	1
35	4293	0
17	4294	0
18	4294	0
36	4294	0
14	4295	1
17	4295	0
13	4296	0
28	4296	0
8	4297	0
14	4297	1
23	4297	0
0	4298	1
11	4298	1
12	4298	0
13	4299	0
15	4299	1
35	4299	0
29	4300	0
30	4300	0
14	4301	1
29	4302	0
23	4303	0
12	4304	0
36	4304	0
18	4305	0
32	4305	0
1	4306	0
13	4306	1
22	4307	0
35	4308	0
2	4309	1
1	4310	0
17	4311	0
5	4312	0
13	4312	0
29	4313	0
34	4313	0
34	4314	0
14	4315	0
18	4315	0
26	4315	1
5	4316	0
29	4316	0
32	4316	0
3	4317	0
22	4318	1
3	4319	0
14	4320	1
11	4321	0
18	4321	0
28	4321	0
12	4322	0
37	4323	1
25	4324	0
28	4325	0
13	4326	1
15	4327	1
31	4327	0
28	4328	0
29	4328	1
32	4328	0
34	4328	0
26	4329	0
32	4330	1
6	4331	0
18	4331	0
20	4331	0
31	4331	1
11	4332	0
28	4333	0
35	4333	0
8	4334	0
26	4334	0
28	4334	0
15	4335	0
30	4335	0
22	4336	0
28	4336	0
1	4337	1
26	4337	1
20	4338	0
2	4339	0
15	4339	0
28	4339	0
39	4339	0
28	4340	0
29	4340	0
33	4340	1
1	4341	1
11	4342	0
32	4342	0
22	4343	0
28	4343	0
17	4344	0
34	4345	0
12	4346	0
19	4347	0
0	4348	0
34	4348	0
13	4349	0
18	4349	1
6	4350	1
24	4350	0
26	4350	0
30	4350	0
32	4350	0
15	4351	0
34	4351	0
31	4352	0
23	4353	0
29	4353	0
30	4353	0
36	4353	0
3	4354	0
32	4354	1
17	4355	0
38	4355	1
2	4356	0
15	4356	0
29	4356	0
21	4357	0
8	4358	0
21	4358	0
23	4358	0
24	4358	0
2	4359	0
29	4359	0
0	4360	0
7	4361	0
15	4361	0
28	4361	1
13	4362	0
28	4362	1
35	4363	0
12	4364	0
20	4364	0
34	4364	0
6	4365	0
21	4365	1
23	4365	0
35	4365	0
34	4366	0
33	4367	0
38	4367	0
8	4368	1
12	4368	0
20	4368	0
17	4369	0
20	4369	0
22	4369	0
5	4370	0
8	4371	0
17	4371	0
21	4372	0
15	4373	1
15	4374	0
5	4375	1
13	4375	0
7	4376	1
12	4376	0
6	4377	0
29	4377	0
8	4378	1
14	4379	1
14	4380	0
18	4380	0
34	4380	0
3	4381	0
11	4381	1
17	4381	0
30	4382	0
38	4382	0
11	4383	1
13	4384	0
14	4384	0
18	4384	0
29	4384	0
15	4385	0
8	4386	0
20	4386	0
35	4386	0
6	4387	0
15	4387	0
29	4387	1
0	4388	0
13	4388	0
21	4388	1
32	4388	0
29	4389	0
19	4390	0
7	4391	1
13	4392	0
14	4393	1
29	4393	0
34	4393	0
17	4394	0
24	4394	0
14	4395	0
20	4395	0
21	4395	1
23	4395	0
8	4396	0
19	4397	0
14	4398	0
16	4399	1
13	4400	1
21	4401	1
22	4401	0
26	4401	0
32	4401	0
6	4402	0
35	4402	0
14	4403	0
15	4403	1
21	4403	0
29	4403	0
32	4403	0
38	4403	0
35	4404	1
8	4405	0
12	4405	0
32	4405	1
33	4406	1
37	4406	0
0	4407	0
3	4407	0
14	4407	1
22	4407	1
6	4408	0
18	4408	0
28	4408	1
32	4409	0
34	4409	0
33	4410	0
17	4411	0
22	4411	0
34	4411	0
19	4412	0
36	4412	0
39	4412	1
0	4413	0
3	4413	0
35	4413	1
6	4414	0
12	4414	0
15	4414	1
18	4415	0
3	4416	0
30	4416	0
6	4417	1
27	4417	0
16	4418	1
28	4418	1
13	4419	0
38	4420	0
1	4421	0
6	4421	0
14	4421	0
22	4421	0
24	4421	0
36	4421	1
12	4422	0
28	4422	0
7	4423	0
34	4424	0
0	4425	1
3	4425	0
6	4425	1
22	4426	0
28	4426	0
15	4427	0
18	4427	0
29	4427	1
32	4428	1
15	4429	0
34	4429	0
6	4430	1
15	4430	0
28	4430	0
30	4430	0
0	4431	0
19	4431	0
26	4431	0
32	4432	0
13	4433	0
34	4433	0
17	4434	0
23	4434	1
29	4434	0
32	4434	0
30	4435	0
32	4435	0
30	4436	0
3	4437	0
15	4437	1
30	4437	0
14	4438	0
22	4438	0
28	4438	1
31	4438	0
32	4438	0
36	4438	0
39	4438	0
15	4439	0
21	4439	0
30	4439	0
25	4440	0
2	4441	0
14	4442	0
11	4443	1
17	4444	0
39	4445	1
14	4446	0
36	4446	0
3	4447	0
29	4447	0
17	4448	0
30	4448	1
35	4448	0
13	4449	0
0	4450	0
3	4451	0
20	4452	0
19	4453	0
23	4453	0
35	4453	0
38	4453	0
11	4454	1
21	4454	0
35	4454	0
7	4455	1
32	4455	1
36	4455	0
14	4456	0
17	4456	0
35	4456	0
3	4457	0
21	4457	0
18	4458	1
22	4459	0
28	4459	0
30	4459	0
34	4459	1
17	4460	0
12	4461	0
21	4461	1
34	4462	0
36	4462	1
32	4463	0
35	4464	0
25	4465	0
11	4466	0
29	4466	0
13	4467	0
15	4467	0
22	4467	0
28	4468	0
31	4468	0
34	4468	0
24	4469	0
2	4470	0
29	4470	0
14	4471	0
17	4471	0
32	4471	0
13	4472	0
0	4473	0
18	4474	0
30	4474	0
21	4475	1
23	4475	0
28	4475	1
6	4476	1
11	4476	0
13	4476	0
20	4476	0
29	4476	0
27	4477	0
35	4477	0
31	4478	1
32	4478	0
6	4479	0
9	4479	1
13	4479	0
1	4480	0
25	4480	0
7	4481	0
32	4481	0
22	4482	0
32	4483	1
14	4484	0
15	4484	0
22	4484	0
13	4485	0
29	4485	0
8	4486	0
29	4486	0
30	4486	1
33	4486	0
1	4487	1
11	4487	0
0	4488	0
8	4488	1
35	4488	0
29	4489	0
0	4490	0
29	4490	0
28	4491	1
32	4492	0
38	4492	0
19	4493	0
18	4494	0
25	4494	1
33	4494	1
34	4494	0
36	4494	0
0	4495	1
6	4495	0
34	4495	0
1	4496	0
16	4496	1
28	4496	0
13	4497	0
20	4497	1
29	4497	0
21	4498	0
13	4499	0
31	4499	0
38	4499	0
10	4500	1
13	4501	0
29	4501	0
17	4502	0
0	4503	0
15	4503	1
32	4504	1
35	4504	0
13	4505	1
18	4505	0
28	4505	1
25	4506	0
11	4507	0
21	4507	1
0	4508	0
3	4509	0
14	4509	0
17	4509	0
21	4509	1
28	4509	0
30	4510	0
39	4511	0
17	4512	0
35	4512	0
3	4513	0
34	4513	0
12	4514	0
13	4514	0
1	4515	0
15	4515	0
26	4515	0
6	4516	0
30	4516	1
12	4517	0
14	4518	0
23	4519	0
1	4520	0
32	4521	0
6	4522	1
28	4522	0
13	4523	0
33	4524	0
25	4525	0
26	4526	1
17	4527	0
25	4527	0
35	4527	0
14	4528	0
28	4528	1
36	4529	0
14	4530	0
16	4530	0
30	4530	0
3	4531	0
22	4531	1
1	4532	0
21	4532	0
28	4533	0
17	4534	0
21	4534	0
22	4534	0
24	4534	0
31	4534	0
3	4535	0
15	4535	0
18	4535	1
29	4535	0
6	4536	0
22	4536	0
12	4537	0
15	4537	0
21	4537	1
28	4538	1
29	4538	0
0	4539	0
3	4539	0
18	4539	0
12	4540	1
6	4541	1
15	4541	0
17	4542	0
7	4543	0
30	4543	0
31	4543	0
36	4543	0
11	4544	0
21	4544	0
32	4544	0
13	4545	0
35	4545	0
24	4546	0
28	4546	0
26	4547	0
36	4547	0
3	4548	0
13	4548	0
26	4548	1
28	4548	0
31	4548	0
27	4549	0
36	4549	0
29	4550	1
30	4550	0
17	4551	0
35	4551	0
6	4552	0
23	4552	0
27	4553	0
28	4554	1
36	4555	1
21	4556	1
3	4557	0
17	4557	0
25	4557	0
36	4558	1
35	4559	0
36	4559	0
28	4560	0
22	4561	1
38	4561	0
13	4562	0
17	4563	1
18	4563	0
21	4564	0
12	4565	0
34	4565	0
13	4566	0
22	4566	0
28	4566	0
38	4566	0
28	4567	0
14	4568	1
13	4569	0
34	4570	0
14	4571	0
21	4571	0
1	4572	0
11	4573	1
15	4573	1
34	4573	0
4	4574	1
17	4574	1
30	4574	0
34	4574	0
3	4575	0
7	4575	0
28	4575	0
17	4576	0
3	4577	0
39	4577	0
8	4578	0
32	4578	0
18	4579	0
8	4580	1
21	4580	0
28	4580	1
35	4580	0
0	4581	0
14	4581	0
17	4581	1
21	4581	0
28	4581	1
3	4582	0
29	4582	0
32	4582	0
14	4583	1
22	4584	0
24	4584	0
29	4584	0
10	4585	1
17	4586	0
13	4587	1
3	4588	0
22	4588	1
11	4589	0
21	4589	0
28	4589	1
1	4590	0
3	4590	0
26	4590	0
29	4590	0
3	4591	0
17	4591	0
6	4592	0
18	4592	0
0	4593	1
32	4594	0
9	4595	1
2	4596	0
6	4597	1
15	4597	0
6	4598	1
11	4598	0
18	4598	0
1	4599	0
12	4600	0
14	4600	0
