28	0	0
34	0	0
3	1	0
1	2	0
10	2	0
36	3	0
38	4	0
16	5	0
17	5	0
13	6	1
23	6	0
34	6	0
4	7	0
18	7	1
30	7	0
37	8	1
1	9	1
17	9	0
24	9	0
28	9	1
30	9	0
28	10	0
9	11	1
10	11	1
23	11	0
15	12	1
21	12	0
1	13	1
17	13	1
23	13	0
39	13	1
9	14	1
27	14	0
23	15	0
0	16	1
4	16	0
10	16	0
23	16	1
0	17	0
22	17	1
27	17	0
34	17	0
1	18	0
17	18	0
27	18	1
12	19	0
30	19	0
34	20	1
14	21	0
27	21	1
29	21	0
39	21	1
1	22	1
36	22	0
10	23	0
6	24	0
23	24	0
27	24	0
28	24	0
2	25	0
9	25	1
14	25	0
23	25	0
34	25	0
0	26	0
6	26	0
20	26	0
27	26	0
1	27	1
23	27	0
39	27	0
6	28	0
18	28	0
23	28	0
14	29	0
19	29	0
27	29	0
5	30	0
9	30	0
35	30	0
2	31	1
3	31	0
10	31	0
18	31	1
36	31	0
4	32	0
17	32	0
30	32	0
8	33	0
12	33	0
2	34	0
8	34	0
13	34	0
22	34	1
10	35	1
20	35	0
9	36	0
17	36	0
6	37	0
30	37	0
5	38	0
11	38	0
30	38	0
15	39	0
16	39	0
31	39	0
34	39	0
2	40	1
17	40	1
22	40	0
29	40	0
7	41	0
15	42	0
17	42	1
22	42	0
30	42	0
17	43	1
4	44	0
27	45	1
10	46	0
18	46	1
14	47	0
16	47	1
19	47	0
22	47	0
10	48	0
1	49	0
38	49	0
1	50	0
2	50	0
38	50	0
8	51	0
1	52	0
20	52	0
31	52	0
28	53	0
12	54	0
16	54	0
33	55	0
4	56	0
10	56	1
23	56	0
6	57	0
34	57	0
5	58	0
6	58	0
27	58	0
30	58	0
39	59	0
15	60	0
3	61	0
6	61	0
39	61	0
17	62	0
23	62	0
24	62	0
26	63	0
13	64	0
36	64	0
7	65	1
0	66	0
3	66	0
29	66	1
20	67	0
0	68	1
39	68	0
17	69	0
27	69	1
29	69	1
35	69	0
7	70	0
8	70	1
28	70	0
6	71	0
17	71	0
20	71	1
33	71	1
10	72	0
28	73	0
39	73	0
18	74	0
20	74	0
5	75	0
8	76	0
26	77	0
9	78	1
17	78	0
9	79	1
21	79	1
0	80	0
14	81	0
17	82	0
39	82	0
1	83	0
20	83	0
28	83	0
30	83	0
32	83	0
36	83	0
0	84	0
4	84	0
1	85	0
16	85	0
13	86	0
30	86	0
31	86	0
30	87	0
36	88	0
9	89	0
12	89	0
28	89	0
1	90	0
10	90	1
0	91	0
1	91	1
18	91	0
27	91	1
36	91	1
9	92	1
28	92	0
30	92	0
36	93	0
9	94	1
27	94	1
13	95	0
18	95	1
2	96	0
8	96	0
1	97	0
30	98	0
16	99	0
2	100	1
13	100	0
12	101	0
19	101	1
7	102	1
15	103	0
18	103	0
20	103	0
16	104	0
23	104	1
27	104	0
32	104	0
2	105	0
31	105	1
1	106	0
12	106	1
13	106	0
7	107	0
31	107	1
39	107	0
20	108	1
12	109	1
20	109	0
23	109	0
9	110	0
34	110	0
4	111	0
3	112	1
8	112	0
12	112	0
34	112	0
36	113	0
39	114	0
8	115	0
9	116	1
10	116	0
18	116	0
21	116	0
22	116	1
14	117	0
30	117	1
31	117	0
20	118	0
28	118	0
8	119	0
21	120	0
30	120	0
3	121	0
22	121	0
29	121	0
37	121	1
12	122	1
4	123	0
36	123	0
10	124	0
20	124	0
30	124	0
28	125	1
10	126	0
16	126	1
10	127	0
22	127	0
26	128	1
32	128	0
34	128	0
7	129	0
23	129	0
29	129	0
39	130	0
2	131	1
4	131	0
6	132	1
12	132	1
7	133	0
13	133	1
24	134	0
3	135	0
31	135	0
2	136	1
20	137	0
26	138	0
30	138	0
7	139	1
13	139	1
4	140	0
4	141	0
7	141	0
34	141	0
36	142	0
4	143	0
34	143	0
18	144	0
27	144	1
34	144	0
15	145	0
32	145	0
1	146	1
5	146	0
8	146	0
15	147	0
0	148	0
2	148	0
6	148	0
13	148	0
23	148	0
29	148	0
37	149	1
10	150	0
23	150	0
24	150	0
29	150	1
37	150	0
34	151	0
2	152	1
9	152	0
17	152	1
5	153	0
0	154	1
16	154	0
34	154	0
6	155	0
8	155	1
22	156	0
38	156	0
25	157	0
17	158	0
35	159	0
17	160	0
4	161	0
24	161	0
5	162	0
10	162	0
13	162	0
27	162	0
28	162	0
31	162	0
20	163	0
30	163	1
35	163	0
26	164	0
34	164	0
6	165	0
23	165	0
27	165	0
20	166	0
29	166	0
39	166	0
18	167	0
18	168	0
28	168	0
38	169	0
15	170	1
30	170	0
8	171	0
10	172	0
32	172	0
10	173	0
16	173	0
23	173	0
31	173	1
36	173	0
0	174	0
3	174	0
6	174	0
21	174	0
30	174	0
21	175	1
23	175	0
33	175	0
34	175	0
8	176	0
18	176	1
34	176	1
13	177	0
17	178	0
8	179	0
6	180	0
20	181	1
28	181	0
36	181	0
4	182	0
7	182	0
22	182	0
26	182	0
25	183	0
28	183	0
37	183	0
10	184	0
27	184	0
31	184	1
9	185	0
10	185	1
14	185	0
15	185	1
5	186	0
8	186	0
15	186	0
19	186	0
4	187	1
8	188	1
1	189	0
13	189	0
23	189	0
11	190	0
7	191	1
27	191	1
30	191	0
31	191	0
34	191	1
36	191	0
31	192	0
12	193	0
13	193	0
31	193	1
6	194	0
8	194	0
6	195	0
7	196	0
23	196	0
34	196	0
5	197	0
17	197	0
20	197	0
23	197	0
37	197	0
27	198	0
34	198	1
3	199	1
6	200	0
10	201	0
30	201	0
34	201	0
5	202	1
27	202	1
6	203	0
20	204	0
24	204	0
9	205	0
34	205	0
0	206	0
8	207	0
19	207	1
29	208	1
6	209	1
16	209	0
30	209	0
36	209	0
6	210	0
15	210	0
9	211	0
27	211	0
15	212	0
20	213	0
34	213	0
16	214	1
6	215	0
18	215	0
3	216	0
1	217	0
13	217	0
22	217	0
29	218	0
31	218	1
34	218	0
36	218	0
10	219	1
15	219	0
21	219	0
31	220	1
34	220	1
5	221	0
13	221	0
15	221	0
21	222	0
22	223	1
2	224	0
13	224	0
27	224	1
39	224	1
29	225	0
31	226	0
6	227	0
8	227	0
35	228	0
0	229	0
28	229	0
36	229	0
23	230	0
27	230	0
4	231	0
10	232	0
34	232	0
8	233	1
20	233	1
26	233	0
35	233	0
19	234	0
18	235	0
8	236	0
1	237	0
18	237	0
8	238	1
9	238	0
10	238	0
38	238	0
3	239	0
33	240	0
39	240	0
6	241	0
20	242	0
35	242	1
23	243	0
26	243	0
3	244	0
23	245	0
20	246	1
12	247	0
13	247	1
29	247	0
22	248	0
36	248	0
5	249	0
10	249	1
14	250	0
20	250	0
35	250	0
8	251	0
28	251	0
34	251	0
16	252	0
14	253	1
34	253	0
29	254	0
1	255	0
19	255	0
11	256	1
17	256	0
20	256	0
23	256	0
36	256	0
29	257	0
1	258	1
15	258	0
34	258	0
23	259	1
34	259	0
23	260	0
1	261	1
39	261	0
3	262	0
21	262	0
31	263	1
9	264	0
10	264	0
1	265	0
14	266	0
36	266	0
16	267	0
17	267	1
20	267	1
24	267	0
6	268	1
21	268	0
30	268	0
13	269	0
23	269	0
24	269	0
10	270	0
31	270	0
10	271	1
38	271	1
10	272	0
20	272	0
29	272	1
34	273	0
20	274	1
39	274	0
5	275	0
6	275	1
8	275	0
9	275	0
13	275	1
27	275	1
36	275	1
1	276	0
2	276	0
14	276	0
36	276	0
13	277	0
16	277	0
18	277	0
2	278	0
8	278	0
16	278	1
18	278	0
9	279	0
29	279	0
3	280	0
21	280	0
29	280	0
3	281	0
16	281	0
29	281	0
8	282	0
12	282	0
20	282	0
21	282	0
23	282	0
30	282	0
1	283	0
6	283	0
11	284	1
10	285	1
31	286	0
36	286	0
23	287	0
6	288	0
19	288	0
22	288	0
10	289	0
36	289	0
27	290	0
33	291	0
27	292	1
30	292	0
36	293	1
37	293	0
16	294	0
6	295	0
13	295	0
23	295	0
8	296	0
9	296	0
36	296	0
9	297	0
28	297	0
10	298	1
17	298	1
20	298	0
36	299	0
9	300	1
12	300	0
14	300	0
24	300	0
29	300	0
31	300	0
10	301	0
17	301	0
30	302	0
34	302	0
36	302	0
9	303	0
17	303	0
29	303	1
2	304	0
17	304	0
23	304	1
24	305	0
17	306	1
23	306	0
2	307	0
11	307	0
23	307	0
27	307	0
30	307	0
7	308	1
39	309	1
4	310	1
5	310	0
13	310	0
27	310	1
20	311	1
7	312	0
8	312	0
9	312	0
13	312	0
17	312	0
20	313	1
39	313	0
10	314	1
36	314	0
8	315	0
9	315	1
17	315	0
24	315	0
7	316	1
13	317	0
16	317	0
23	318	0
0	319	0
3	319	0
10	319	0
24	319	0
22	320	0
28	320	0
34	320	0
23	321	0
15	322	0
28	322	1
39	322	0
9	323	1
30	323	0
2	324	1
7	324	0
23	324	0
29	324	0
34	324	0
11	325	0
28	325	0
36	325	0
38	325	0
14	326	0
34	326	0
8	327	0
9	327	0
13	327	0
15	327	0
16	327	0
20	327	0
8	328	1
36	328	0
10	329	0
4	330	0
27	330	0
20	331	0
30	331	0
37	331	0
17	332	0
35	332	1
7	333	1
9	333	0
19	333	0
20	334	0
28	335	1
31	335	0
9	336	0
14	337	0
34	337	0
36	337	0
13	338	0
38	338	0
17	339	1
0	340	0
8	340	1
10	340	0
30	340	0
38	340	0
27	341	0
14	342	0
2	343	0
31	343	0
8	344	1
16	344	1
28	344	0
36	345	1
7	346	0
29	346	0
10	347	0
9	348	1
27	348	0
29	349	1
39	349	0
19	350	0
22	351	0
32	352	0
2	353	0
10	353	0
17	353	0
31	353	0
34	353	0
36	353	1
1	354	0
6	354	0
8	354	0
9	354	1
14	354	1
22	354	0
31	354	1
5	355	0
8	355	0
17	355	1
32	355	0
20	356	0
16	357	0
19	357	0
31	357	0
14	358	0
17	358	1
9	359	0
1	360	1
2	360	1
17	360	0
26	361	0
27	362	0
7	363	0
39	363	0
1	364	0
22	364	0
27	364	0
29	364	0
12	365	0
17	365	0
20	365	0
10	366	0
14	366	1
39	366	0
15	367	0
1	368	0
21	368	0
24	368	0
5	369	0
34	369	0
6	370	0
21	370	0
23	370	0
22	371	0
23	371	0
29	371	0
5	372	0
13	372	0
8	373	0
14	373	0
22	373	0
38	373	0
39	373	0
10	374	0
36	375	0
1	376	0
22	376	0
1	377	1
3	377	0
10	377	0
23	377	0
8	378	0
13	378	0
0	379	0
17	379	0
22	379	0
0	380	0
2	380	0
4	380	1
8	380	0
29	380	0
23	381	0
27	381	0
31	381	0
36	381	0
21	382	0
1	383	0
7	383	0
10	383	0
21	383	0
3	384	0
8	385	0
34	385	0
23	386	0
34	386	0
39	386	0
2	387	1
34	387	0
2	388	0
18	388	0
30	388	1
8	389	0
9	389	0
20	389	0
31	389	0
7	390	0
13	390	0
17	390	0
23	390	0
32	390	0
0	391	0
32	391	0
1	392	0
32	392	1
12	393	0
35	393	0
2	394	0
4	394	0
21	394	0
9	395	0
2	396	0
10	397	0
20	397	0
1	398	0
10	398	0
2	399	0
34	399	1
36	399	0
6	400	0
23	400	0
26	400	0
24	401	0
27	401	1
13	402	0
17	402	0
27	402	0
8	403	0
16	403	0
34	403	1
37	403	0
2	404	0
6	404	0
10	404	0
11	404	0
14	404	1
24	404	0
4	405	0
20	405	0
31	405	1
0	406	0
12	406	0
31	406	0
1	407	0
27	407	0
0	408	1
15	408	1
20	408	0
21	408	0
31	408	1
1	409	0
6	409	0
8	409	0
34	409	1
39	409	0
9	410	0
29	410	0
39	410	0
6	411	0
14	411	0
17	411	0
1	412	0
14	412	0
18	412	0
19	412	0
27	412	1
23	413	0
8	414	0
17	414	0
18	414	1
24	414	0
29	414	0
35	414	1
4	415	0
9	416	0
12	416	0
17	416	0
29	416	0
8	417	1
19	417	0
15	418	0
10	419	0
14	419	0
16	419	0
18	420	0
27	420	0
6	421	0
1	422	0
5	422	0
39	422	0
20	423	0
13	424	0
5	425	0
16	425	1
1	426	0
7	426	0
13	426	0
20	426	0
30	426	0
31	426	0
10	427	1
18	427	0
29	427	0
33	427	1
21	428	0
10	429	0
12	430	0
9	431	0
30	431	0
24	432	0
6	433	1
30	433	0
35	433	1
4	434	0
13	435	0
17	435	1
0	436	0
6	436	0
20	436	0
14	437	0
29	437	0
10	438	0
18	438	0
24	438	0
23	439	1
6	440	0
14	440	1
27	440	0
1	441	0
23	441	0
27	441	0
1	442	0
16	442	1
17	442	0
21	442	0
28	442	0
18	443	1
6	444	0
8	444	0
9	444	0
17	444	0
29	444	0
8	445	0
13	446	1
23	446	0
32	446	0
34	446	0
4	447	0
10	448	0
20	449	1
33	449	0
9	450	1
28	450	0
34	450	0
35	450	0
6	451	0
10	451	0
16	451	0
28	451	0
19	452	0
29	452	0
32	452	0
16	453	1
21	453	0
8	454	1
9	454	1
24	454	0
3	455	1
4	455	0
16	455	0
22	455	0
34	455	0
14	456	0
26	456	1
27	456	1
1	457	1
6	457	0
16	457	0
30	458	0
31	459	0
37	459	1
7	460	0
17	460	0
22	460	0
28	460	0
24	461	0
1	462	0
3	462	0
15	462	1
20	462	0
23	462	1
27	462	0
22	463	0
22	464	0
12	465	0
24	465	0
31	465	0
32	466	0
8	467	0
13	467	0
31	467	0
29	468	0
24	469	1
13	470	1
15	470	0
17	470	0
36	470	1
39	470	0
3	471	1
8	471	0
13	471	0
7	472	0
17	472	1
36	473	0
7	474	0
24	474	0
29	474	0
4	475	0
22	476	0
28	476	0
2	477	0
10	477	0
23	477	0
38	477	0
15	478	1
29	479	1
30	479	1
16	480	0
28	480	0
1	481	1
6	481	0
36	481	0
10	482	0
32	483	0
14	484	0
34	485	0
1	486	0
34	486	0
20	487	0
10	488	0
29	488	0
37	488	1
8	489	1
15	489	0
10	490	0
23	490	1
39	490	0
24	491	0
30	491	1
36	491	1
8	492	0
29	493	0
4	494	0
14	495	0
37	495	1
20	496	0
23	496	0
39	496	0
18	497	1
22	497	0
14	498	0
17	499	0
20	499	0
30	499	0
31	499	0
39	499	0
0	500	0
9	500	0
8	501	0
24	501	1
8	502	0
21	502	0
24	502	0
28	502	1
12	503	0
31	503	1
31	504	0
9	505	0
2	506	0
6	506	0
8	506	1
36	506	1
6	507	0
14	507	1
34	507	0
13	508	0
28	508	0
31	508	1
35	508	0
14	509	1
22	509	0
27	509	0
32	509	0
4	510	0
9	511	0
21	511	0
34	511	0
24	512	0
36	512	0
4	513	0
6	513	0
8	513	0
13	513	0
14	513	0
26	513	0
31	513	1
17	514	0
6	515	0
10	515	0
14	515	0
23	515	0
4	516	1
6	516	0
7	516	1
16	516	0
31	516	0
19	517	0
20	517	0
29	518	0
7	519	0
31	519	0
21	520	0
39	520	0
17	521	1
31	521	0
5	522	0
34	522	1
12	523	0
20	523	0
23	523	0
28	523	1
36	523	0
17	524	0
29	524	0
32	524	0
34	524	0
29	525	0
13	526	0
23	526	0
34	526	0
16	527	1
21	527	0
35	528	0
6	529	0
9	529	0
13	529	0
34	529	0
10	530	0
15	530	0
34	530	0
27	531	0
31	531	0
6	532	0
6	533	0
29	533	1
30	533	0
31	533	0
39	533	0
31	534	1
10	535	0
23	535	0
39	535	0
12	536	0
27	536	1
3	537	0
29	537	0
4	538	1
6	538	0
30	539	0
5	540	0
16	540	0
1	541	0
38	541	0
0	542	1
18	542	0
36	542	0
28	543	0
20	544	1
27	544	0
36	545	0
13	546	0
23	546	0
13	547	1
35	548	1
6	549	0
20	549	1
21	549	0
31	549	0
35	549	1
6	550	0
0	551	0
1	551	1
16	551	0
28	551	0
34	551	0
39	551	0
36	552	1
13	553	0
27	553	0
30	553	0
31	553	0
35	553	0
2	554	0
21	554	0
10	555	1
28	555	1
31	555	0
35	555	1
13	556	1
21	556	0
6	557	1
5	558	0
31	558	0
24	559	0
18	560	0
20	560	0
4	561	0
12	561	0
18	561	0
31	561	0
8	562	1
16	562	0
20	562	1
25	563	1
36	564	0
6	565	0
17	565	1
35	565	0
4	566	1
14	566	0
16	566	0
21	567	0
2	568	1
10	568	1
23	568	0
23	569	0
1	570	0
28	570	0
36	570	1
8	571	0
16	571	0
17	571	0
38	571	0
4	572	1
15	572	0
23	572	0
14	573	1
2	574	0
13	574	0
20	574	0
18	575	0
22	575	0
29	575	0
34	575	0
28	576	0
7	577	0
29	577	0
30	577	0
1	578	0
9	578	0
14	579	0
18	579	0
1	580	0
27	580	1
31	580	0
8	581	1
13	581	0
36	581	0
21	582	0
18	583	1
23	584	0
0	585	1
1	585	0
15	585	0
23	585	1
1	586	0
13	586	0
1	587	0
13	588	0
16	588	0
29	588	0
17	589	0
16	590	0
16	591	0
20	591	0
21	592	0
27	592	1
6	593	0
23	593	0
23	594	0
34	595	0
0	596	0
28	596	0
39	597	0
23	598	0
1	599	1
35	599	0
16	600	1
36	600	1
38	600	0
28	601	0
10	602	0
14	602	0
18	602	1
5	603	0
28	603	0
30	603	0
31	603	0
1	604	0
34	604	0
9	605	0
27	605	0
2	606	0
14	607	0
21	607	0
22	607	1
30	608	0
32	608	0
23	609	1
37	609	0
3	610	0
19	610	0
20	610	1
15	611	1
19	611	0
23	611	0
37	611	0
6	612	0
21	612	0
31	612	0
6	613	1
30	613	1
29	614	0
21	615	0
22	615	1
34	615	0
37	616	1
36	617	0
3	618	0
16	618	0
21	619	0
38	620	0
39	620	0
14	621	0
20	621	0
30	621	0
6	622	1
29	623	0
8	624	0
12	624	0
34	624	1
19	625	0
7	626	0
16	626	0
20	626	1
31	626	1
32	626	0
12	627	0
20	627	0
1	628	0
6	629	1
7	629	1
19	629	0
20	629	0
14	630	0
20	630	1
32	630	0
38	630	0
10	631	0
20	631	0
2	632	0
11	632	1
2	633	1
5	633	0
14	633	0
34	633	0
18	634	1
39	634	0
13	635	1
14	635	0
16	635	0
30	635	0
36	635	0
9	636	0
14	636	0
17	636	0
31	636	0
39	637	0
33	638	0
14	639	0
20	639	0
22	639	0
25	639	0
27	639	0
3	640	0
13	640	0
17	640	1
37	640	0
21	641	0
18	642	0
13	643	1
15	643	0
34	643	0
16	644	1
37	645	1
8	646	1
16	647	0
23	647	0
31	647	0
32	647	0
35	647	0
4	648	0
13	648	1
18	648	1
30	648	0
21	649	0
19	650	0
6	651	0
16	651	1
31	651	0
14	652	0
27	653	1
28	653	0
30	653	0
39	653	0
24	654	1
13	655	1
23	655	0
34	655	0
1	656	0
39	656	0
22	657	0
28	657	0
17	658	0
23	658	0
30	658	0
37	659	0
9	660	1
28	660	0
29	661	0
1	662	0
6	663	0
20	663	1
36	663	1
17	664	0
8	665	0
10	665	0
35	665	1
3	666	1
10	667	1
28	667	0
39	667	0
9	668	1
13	669	1
14	669	0
2	670	1
8	670	0
30	670	0
1	671	1
9	671	0
28	671	1
2	672	0
14	672	0
18	672	0
37	672	0
2	673	1
6	673	0
13	673	1
23	673	1
17	674	0
18	674	0
30	674	0
2	675	0
6	675	0
8	675	1
34	675	1
35	675	0
7	676	1
17	676	0
16	677	0
32	677	0
36	677	0
15	678	0
16	678	0
30	678	0
7	679	1
9	680	0
10	680	0
4	681	0
20	681	0
30	681	0
35	681	0
39	681	0
2	682	0
13	682	1
29	682	0
23	683	0
6	684	0
15	684	0
17	685	0
27	685	0
4	686	0
10	686	0
11	686	0
18	686	1
7	687	0
21	688	0
29	688	0
15	689	1
20	689	1
36	689	0
39	689	0
20	690	0
11	691	0
10	692	1
20	692	0
0	693	0
23	694	0
2	695	1
10	695	0
15	696	0
20	696	0
23	696	0
27	696	0
31	696	1
14	697	0
19	698	0
21	698	0
23	698	0
34	698	0
1	699	0
8	699	0
20	699	0
12	700	0
2	701	1
24	701	1
29	701	0
6	702	0
23	702	1
0	703	0
39	703	0
6	704	0
9	704	0
22	704	1
36	705	0
38	705	0
1	706	0
24	706	1
36	706	0
17	707	0
3	708	0
15	708	0
12	709	1
36	710	0
8	711	0
17	711	0
26	711	0
26	712	0
27	713	0
30	714	1
16	715	0
3	716	0
31	716	0
6	717	0
31	717	1
8	718	0
35	718	1
9	719	0
16	719	0
24	719	0
19	720	0
20	720	0
27	720	0
36	720	0
6	721	1
19	721	0
19	722	0
0	723	0
2	723	0
8	723	0
20	724	1
1	725	1
20	725	0
28	725	0
7	726	0
8	726	0
38	727	0
16	728	0
28	729	1
1	730	0
6	730	1
18	730	0
24	730	0
35	731	0
18	732	1
38	732	0
0	733	0
4	733	0
28	733	0
31	733	0
18	734	1
8	735	0
9	736	0
10	736	0
24	736	0
27	736	1
29	736	0
6	737	0
39	737	0
36	738	0
3	739	0
17	739	0
18	739	0
21	739	1
27	739	0
3	740	0
34	740	0
12	741	0
16	741	0
31	741	0
13	742	0
30	743	0
20	744	0
22	744	0
30	745	0
8	746	1
31	746	0
20	747	0
23	747	0
24	747	0
36	747	0
35	748	0
21	749	0
39	749	0
12	750	0
3	751	0
7	751	0
8	751	0
27	751	0
1	752	0
2	752	0
5	752	0
14	752	1
17	752	1
20	752	1
32	753	0
1	754	0
14	754	0
0	755	1
10	755	1
4	756	1
8	756	0
11	756	0
24	756	0
34	756	0
16	757	0
20	757	0
24	757	1
30	757	0
14	758	0
11	759	0
20	760	0
21	760	0
28	760	0
9	761	0
18	761	0
34	761	0
22	762	0
7	763	0
34	764	0
1	765	0
1	766	1
22	766	1
1	767	0
6	767	0
10	767	1
20	767	0
32	768	0
6	769	1
20	769	0
21	770	1
23	770	0
28	771	0
31	771	1
19	772	0
30	772	0
36	772	0
23	773	0
35	774	1
8	775	1
27	775	1
1	776	0
8	776	1
14	776	1
3	777	1
19	777	0
22	778	0
27	779	0
39	779	0
1	780	0
10	780	0
9	781	0
21	781	0
15	782	1
17	782	0
20	782	1
34	782	0
13	783	1
22	783	0
27	783	0
1	784	0
8	784	0
20	784	0
30	784	0
39	784	0
31	785	0
39	785	0
13	786	0
23	786	0
8	787	0
13	787	0
30	787	0
8	788	1
22	788	0
1	789	0
4	789	1
11	789	0
16	790	0
8	791	0
31	791	1
34	791	0
1	792	1
10	793	0
18	793	0
37	793	0
2	794	0
23	794	1
38	794	0
16	795	0
6	796	0
13	796	1
8	797	1
13	798	0
14	798	0
18	798	1
2	799	0
10	799	0
9	800	0
25	801	0
14	802	0
16	802	1
1	803	0
14	803	0
20	803	1
31	803	1
17	804	0
20	804	0
30	804	0
10	805	0
21	805	0
27	805	0
1	806	1
10	807	0
23	808	0
14	809	1
18	809	0
34	809	0
10	810	1
23	810	0
21	811	0
30	811	0
36	811	0
23	812	0
6	813	0
7	814	0
8	814	0
13	814	0
28	814	0
13	815	0
29	815	0
32	815	0
34	815	1
14	816	0
29	816	0
10	817	1
14	817	0
11	818	0
17	818	0
22	818	0
27	818	1
1	819	1
5	819	0
6	819	1
9	819	0
18	819	0
27	819	0
9	820	0
18	820	1
4	821	0
6	821	0
9	821	0
35	821	0
20	822	0
39	822	0
1	823	1
23	823	0
28	824	1
2	825	0
4	825	0
9	825	0
14	825	0
15	825	1
29	825	0
2	826	0
16	826	0
23	826	0
24	826	0
27	826	0
36	826	0
1	827	0
2	827	0
14	828	0
17	828	0
20	828	0
13	829	0
8	830	0
21	830	0
36	830	0
10	831	0
2	832	0
6	832	1
22	832	0
34	832	0
4	833	0
17	833	0
30	833	1
31	833	0
14	834	0
34	834	0
35	835	1
20	836	0
6	837	0
20	837	0
24	837	0
6	838	0
21	838	0
39	838	0
6	839	0
6	840	0
9	840	1
7	841	0
8	841	0
23	841	0
2	842	0
13	842	0
15	842	1
30	842	1
34	842	0
15	843	0
17	843	0
18	843	0
34	843	0
36	844	0
18	845	0
29	845	0
25	846	0
10	847	0
34	847	0
17	848	0
22	848	0
10	849	1
18	849	0
4	850	0
34	850	1
30	851	0
8	852	0
15	853	0
17	853	1
23	853	1
20	854	1
27	854	0
6	855	0
28	855	0
2	856	0
32	856	0
13	857	0
30	857	0
10	858	0
22	858	0
29	858	0
7	859	0
6	860	1
13	860	0
14	860	0
17	860	1
24	860	1
29	860	0
2	861	1
25	861	0
27	861	1
31	861	0
35	861	0
17	862	0
20	862	0
6	863	0
10	864	0
18	865	0
28	865	0
9	866	1
6	867	0
8	867	0
10	868	0
39	868	0
1	869	0
6	869	0
9	869	0
21	869	0
23	870	0
6	871	0
23	871	1
29	871	0
2	872	1
7	873	0
35	873	1
20	874	0
5	875	0
10	875	0
18	876	0
26	876	0
22	877	0
24	877	0
34	877	0
18	878	0
10	879	0
21	879	0
28	879	0
37	879	0
39	880	1
17	881	0
39	881	0
6	882	0
8	882	0
3	883	0
18	883	1
26	883	0
15	884	0
17	884	0
26	885	1
16	886	0
24	886	0
31	886	1
8	887	1
15	887	0
6	888	0
10	888	1
0	889	0
17	889	0
27	889	1
36	889	0
2	890	1
24	890	1
16	891	0
21	891	0
29	891	0
31	891	0
2	892	0
13	892	0
30	892	1
1	893	0
7	893	0
8	893	0
5	894	0
15	894	1
23	894	0
3	895	0
37	895	0
5	896	1
17	896	1
2	897	1
14	897	1
13	898	1
22	898	1
36	898	0
10	899	1
31	899	0
6	900	0
15	900	0
24	900	0
27	900	0
39	900	0
26	901	0
9	902	1
16	902	0
38	902	0
13	903	1
26	903	0
30	903	0
10	904	0
32	904	0
22	905	1
23	905	1
39	906	0
2	907	1
20	907	1
24	907	1
30	907	0
2	908	0
32	908	1
9	909	1
18	909	0
19	909	1
24	909	1
2	910	1
8	910	1
27	910	1
18	911	0
31	911	1
6	912	1
9	912	1
10	912	0
23	912	1
19	913	1
36	913	1
3	914	1
24	914	1
30	914	1
10	915	1
2	916	0
13	916	0
35	916	0
31	917	0
4	918	0
6	918	1
9	918	1
36	918	1
13	919	1
1	920	1
27	920	1
9	921	1
36	921	1
8	922	1
24	922	1
6	923	1
34	923	1
28	924	1
29	924	1
31	924	0
7	925	0
10	925	1
10	926	1
34	926	1
6	927	1
18	927	1
35	927	1
4	928	0
27	928	0
31	928	1
10	929	1
20	930	1
21	930	1
36	930	0
1	931	1
15	931	1
23	931	1
4	932	1
9	932	1
15	932	1
17	932	1
20	932	0
17	933	1
36	933	1
8	934	0
12	934	1
23	934	1
28	935	1
34	936	1
36	936	1
2	937	1
9	937	1
27	937	1
2	938	1
20	938	1
27	938	1
31	938	0
9	939	0
10	939	1
14	939	0
21	939	0
28	939	0
0	940	1
4	941	1
17	941	1
30	941	1
3	942	1
9	943	1
15	943	0
19	943	1
8	944	1
30	944	1
16	945	1
21	946	1
31	946	0
30	947	0
14	948	1
26	948	1
31	948	1
10	949	0
23	949	1
1	950	0
2	950	1
12	950	1
14	950	0
23	950	1
28	950	1
34	950	1
13	951	0
27	951	1
29	951	1
0	952	0
2	952	0
8	952	1
36	952	1
3	953	1
6	953	1
14	953	1
37	954	1
6	955	1
21	956	1
36	956	1
9	957	1
24	957	1
15	958	1
26	958	1
27	958	1
39	958	1
31	959	0
38	959	1
8	960	1
18	960	1
29	960	1
34	960	1
36	960	1
28	961	1
10	962	1
6	963	1
12	963	1
8	964	1
29	965	1
10	966	1
31	966	0
12	967	1
14	968	0
28	968	1
9	969	0
34	969	0
6	970	1
34	971	1
4	972	1
11	972	1
21	972	1
23	972	1
27	972	1
1	973	1
13	974	1
22	974	1
14	975	1
23	975	0
29	975	1
36	975	1
32	976	1
18	977	0
5	978	1
32	979	1
6	980	1
16	980	1
20	980	1
16	981	1
19	981	1
23	981	1
35	981	0
38	981	1
19	982	1
21	982	1
28	982	0
1	983	0
19	983	1
27	983	1
8	984	1
37	984	1
14	985	1
2	986	1
9	986	1
18	986	0
34	986	1
12	987	1
21	987	1
30	987	1
2	988	1
4	988	0
14	988	1
22	988	1
20	989	1
34	989	1
23	990	1
6	991	1
28	991	1
0	992	1
14	992	1
15	992	1
29	993	1
36	993	1
1	994	1
8	994	1
9	994	1
31	994	0
27	995	0
32	995	0
6	996	1
10	996	1
20	996	0
18	997	1
13	998	1
35	998	1
9	999	1
31	999	0
36	999	1
23	1000	1
30	1000	1
31	1000	1
9	1001	1
23	1001	1
36	1001	1
34	1002	1
12	1003	1
0	1004	1
10	1004	1
14	1004	1
31	1004	1
23	1005	1
2	1006	1
7	1006	0
13	1007	1
28	1007	1
34	1007	0
36	1007	1
17	1008	1
24	1008	1
23	1009	1
8	1010	1
17	1010	0
22	1010	0
26	1010	1
13	1011	1
27	1011	1
6	1012	1
8	1012	1
13	1012	1
30	1012	1
1	1013	0
38	1013	0
3	1014	1
28	1014	1
5	1015	1
6	1015	1
29	1015	1
30	1015	1
8	1016	0
30	1016	1
10	1017	1
5	1018	1
8	1018	1
13	1018	1
15	1018	1
20	1018	1
32	1018	1
6	1019	1
19	1019	1
5	1020	0
4	1021	1
12	1021	1
30	1021	1
24	1022	1
30	1022	1
34	1022	1
21	1023	1
6	1024	1
8	1024	1
23	1024	1
24	1025	1
15	1026	1
23	1026	1
34	1026	1
20	1027	0
28	1027	1
6	1028	1
21	1028	1
29	1028	0
10	1029	1
13	1030	0
8	1031	0
13	1032	1
19	1032	1
31	1032	0
32	1032	1
16	1033	1
21	1033	1
39	1033	1
1	1034	1
23	1034	1
2	1035	0
29	1035	0
1	1036	1
13	1036	1
32	1036	1
13	1037	1
24	1037	1
6	1038	0
12	1038	1
19	1038	1
12	1039	0
20	1039	0
3	1040	1
14	1040	1
29	1040	1
39	1040	1
10	1041	1
16	1041	1
6	1042	1
14	1042	1
30	1042	1
37	1042	1
17	1043	1
20	1043	1
35	1044	1
4	1045	1
20	1045	1
27	1045	0
29	1045	1
1	1046	1
23	1046	1
38	1046	1
2	1047	1
11	1047	1
10	1048	1
12	1048	1
13	1048	1
5	1049	1
7	1049	0
23	1049	1
9	1050	1
13	1050	1
17	1050	1
27	1050	0
39	1050	1
38	1051	1
9	1052	1
16	1052	1
34	1052	1
35	1052	0
39	1053	1
18	1054	0
4	1055	1
39	1055	1
19	1056	1
36	1056	1
0	1057	1
1	1057	1
6	1057	1
38	1057	1
8	1058	1
34	1059	1
31	1060	1
15	1061	1
28	1061	0
31	1061	0
28	1062	1
34	1062	1
2	1063	1
10	1064	1
16	1064	1
1	1065	1
4	1065	0
14	1066	1
22	1067	1
28	1067	1
30	1068	0
34	1068	1
4	1069	1
13	1069	1
20	1069	1
20	1070	0
30	1070	1
34	1070	0
13	1071	1
27	1071	1
3	1072	1
20	1072	1
22	1072	1
31	1072	1
23	1073	1
34	1073	1
10	1074	1
16	1074	1
2	1075	0
18	1075	1
39	1075	1
10	1076	1
16	1076	0
14	1077	1
6	1078	1
7	1078	1
8	1078	1
18	1078	1
23	1078	1
30	1078	1
34	1078	1
1	1079	1
22	1079	1
26	1079	0
36	1079	1
32	1080	1
35	1081	0
39	1082	1
13	1083	1
23	1083	1
34	1083	1
35	1083	1
10	1084	1
27	1084	1
31	1084	0
2	1085	1
20	1086	1
32	1086	0
33	1086	1
6	1087	1
10	1087	1
39	1087	1
0	1088	0
34	1088	1
35	1089	1
10	1090	1
14	1091	0
30	1092	0
10	1093	1
13	1093	0
19	1093	0
36	1093	1
39	1093	1
26	1094	1
6	1095	0
7	1095	1
18	1096	0
35	1096	1
12	1097	1
24	1098	1
6	1099	0
9	1099	1
27	1100	1
1	1101	1
12	1101	1
14	1101	1
16	1101	1
23	1101	1
8	1102	1
36	1102	1
4	1103	1
8	1103	1
13	1103	1
21	1103	1
27	1103	1
2	1104	0
6	1104	1
7	1104	0
13	1104	1
23	1104	1
24	1104	1
35	1104	0
34	1105	0
15	1106	1
23	1106	1
1	1107	1
17	1107	0
21	1107	1
29	1107	1
24	1108	1
30	1108	1
13	1109	1
6	1110	1
10	1110	1
34	1110	0
12	1111	1
27	1111	1
34	1111	1
14	1112	1
6	1113	1
16	1113	1
1	1114	1
15	1115	1
23	1115	1
31	1115	1
34	1116	1
2	1117	1
4	1117	1
15	1117	1
31	1117	0
7	1118	0
8	1118	1
9	1118	1
23	1118	1
23	1119	1
34	1119	1
39	1119	1
6	1120	1
10	1120	1
1	1121	1
4	1121	1
5	1121	1
6	1122	1
13	1122	0
17	1122	1
29	1123	0
39	1123	0
14	1124	1
22	1124	1
38	1124	1
1	1125	1
10	1125	1
20	1125	1
37	1125	1
7	1126	1
27	1126	0
0	1127	1
21	1128	1
22	1128	0
9	1129	1
30	1129	1
39	1129	1
30	1130	1
39	1130	1
21	1131	1
9	1132	0
24	1132	1
27	1132	0
6	1133	1
16	1133	0
3	1134	1
9	1134	0
13	1134	1
30	1134	1
31	1134	1
14	1135	0
16	1135	1
23	1135	0
35	1136	1
4	1137	1
37	1137	1
17	1138	1
1	1139	1
16	1139	1
24	1139	1
9	1140	1
31	1140	1
36	1140	1
39	1140	1
3	1141	1
1	1142	1
12	1142	1
21	1142	1
16	1143	1
2	1144	0
15	1144	0
2	1145	1
10	1145	1
36	1145	0
23	1146	0
6	1147	1
34	1147	1
8	1148	1
20	1148	1
34	1149	0
31	1150	1
34	1150	1
6	1151	0
14	1152	0
19	1152	1
31	1152	1
35	1153	1
9	1154	1
15	1154	1
21	1154	1
24	1154	0
31	1155	1
16	1156	1
17	1156	0
20	1156	1
23	1157	0
36	1157	0
2	1158	1
29	1158	1
19	1159	1
20	1159	1
36	1159	1
8	1160	1
18	1161	1
31	1161	1
30	1162	1
31	1162	0
10	1163	1
9	1164	1
32	1164	0
1	1165	1
1	1166	0
9	1166	0
17	1166	1
19	1166	1
17	1167	1
17	1168	1
30	1168	1
34	1168	1
4	1169	1
10	1169	1
28	1169	1
20	1170	0
1	1171	0
10	1171	1
20	1171	0
22	1171	1
24	1171	0
37	1171	1
0	1172	0
1	1173	1
9	1173	0
13	1174	1
14	1174	1
10	1175	1
24	1175	0
5	1176	1
1	1177	1
6	1177	1
36	1177	1
16	1178	1
21	1179	1
18	1180	0
22	1180	1
35	1180	1
17	1181	1
8	1182	1
24	1182	1
23	1183	1
31	1183	0
38	1183	1
1	1184	0
17	1184	1
21	1184	1
22	1184	1
23	1185	1
32	1186	1
15	1187	1
28	1187	1
31	1187	1
10	1188	1
27	1188	1
32	1188	1
6	1189	1
12	1189	0
18	1189	1
14	1190	1
0	1191	1
2	1191	0
9	1191	1
13	1191	1
17	1191	1
34	1191	1
21	1192	0
24	1192	1
28	1192	1
30	1192	1
23	1193	1
3	1194	1
9	1194	1
13	1194	1
27	1194	0
7	1195	1
37	1196	1
2	1197	0
11	1198	1
29	1198	1
1	1199	1
10	1199	1
6	1200	1
4	1201	1
14	1201	1
39	1201	1
34	1202	1
30	1203	1
12	1204	1
20	1204	1
3	1205	1
5	1205	1
12	1205	1
23	1205	0
29	1205	1
32	1205	1
20	1206	0
3	1207	1
38	1207	1
29	1208	1
31	1208	1
32	1208	1
37	1209	1
36	1210	1
10	1211	1
13	1212	1
15	1212	1
27	1212	1
36	1212	1
14	1213	0
8	1214	1
15	1214	0
16	1214	1
36	1214	1
19	1215	1
4	1216	1
21	1216	1
2	1217	1
6	1217	1
11	1217	1
12	1217	1
31	1217	1
34	1217	1
29	1218	1
13	1219	1
29	1219	0
2	1220	0
5	1220	1
12	1220	1
24	1220	1
28	1220	1
30	1220	1
14	1221	1
19	1221	1
17	1222	0
23	1222	1
31	1222	1
8	1223	1
10	1223	0
9	1224	1
21	1224	1
28	1224	0
29	1225	1
0	1226	1
1	1226	1
9	1226	0
14	1226	1
1	1227	1
39	1227	1
31	1228	1
0	1229	1
14	1229	1
22	1229	1
5	1230	1
1	1231	0
9	1231	1
2	1232	1
22	1232	1
39	1232	1
1	1233	1
36	1233	1
14	1234	1
27	1234	1
28	1234	1
23	1235	1
0	1236	1
9	1236	1
36	1237	1
20	1238	1
27	1238	0
29	1238	0
6	1239	0
30	1239	1
38	1240	1
1	1241	0
29	1241	1
10	1242	1
29	1242	0
35	1242	0
10	1243	0
28	1243	1
35	1243	1
9	1244	1
32	1244	1
2	1245	1
6	1245	1
38	1246	1
3	1247	1
19	1247	1
7	1248	1
0	1249	1
18	1249	1
35	1249	1
34	1250	1
3	1251	0
10	1252	1
27	1252	1
0	1253	1
1	1254	1
10	1254	1
15	1254	1
17	1254	0
12	1255	0
14	1256	1
23	1256	1
29	1257	1
35	1258	1
36	1258	1
9	1259	1
20	1259	1
36	1259	0
1	1260	0
28	1261	1
39	1262	1
1	1263	1
23	1263	1
31	1263	0
39	1264	1
5	1265	0
34	1265	0
31	1266	1
21	1267	1
14	1268	0
30	1268	1
14	1269	0
1	1270	1
10	1270	1
21	1270	1
28	1271	1
6	1272	1
20	1272	1
30	1272	1
1	1273	1
21	1273	1
24	1273	1
13	1274	1
7	1275	0
10	1276	1
1	1277	1
12	1277	0
4	1278	1
9	1278	1
39	1278	0
8	1279	1
20	1279	1
23	1279	1
34	1279	0
17	1280	0
34	1280	0
8	1281	1
17	1281	1
30	1281	1
2	1282	0
7	1282	1
34	1282	1
4	1283	1
21	1283	1
9	1284	1
10	1284	1
13	1284	1
31	1284	0
34	1284	1
14	1285	1
13	1286	1
28	1287	1
2	1288	0
38	1288	1
29	1289	1
9	1290	1
8	1291	0
9	1291	1
21	1291	1
30	1291	1
36	1291	1
0	1292	1
4	1292	1
33	1292	1
1	1293	1
8	1293	1
10	1293	1
30	1294	1
0	1295	1
8	1295	0
11	1295	1
16	1295	1
20	1295	1
2	1296	1
5	1296	1
7	1296	1
26	1296	0
27	1296	0
38	1296	1
10	1297	1
11	1297	1
16	1297	1
21	1297	1
34	1297	1
39	1297	1
15	1298	0
14	1299	1
34	1299	1
8	1300	0
14	1300	1
30	1300	1
18	1301	1
21	1301	1
34	1302	1
1	1303	1
2	1303	1
34	1303	1
5	1304	1
38	1304	1
22	1305	0
34	1305	0
5	1306	1
10	1306	1
17	1307	1
20	1307	1
27	1307	1
7	1308	1
31	1309	1
18	1310	0
37	1310	1
10	1311	0
20	1311	1
23	1311	1
6	1312	1
16	1312	1
27	1312	1
30	1312	1
6	1313	0
0	1314	1
28	1314	1
1	1315	1
10	1315	1
19	1315	0
1	1316	1
16	1316	1
18	1316	1
31	1316	0
17	1317	1
18	1317	0
9	1318	0
34	1318	1
0	1319	1
1	1319	0
16	1319	1
17	1319	0
34	1319	1
37	1319	1
2	1320	1
6	1320	1
22	1320	1
30	1320	1
34	1320	1
15	1321	1
11	1322	0
27	1322	0
30	1322	1
32	1322	1
0	1323	1
6	1323	0
7	1323	0
8	1324	1
28	1324	0
29	1324	1
17	1325	1
19	1325	1
32	1325	1
36	1325	1
38	1325	1
39	1325	1
7	1326	1
30	1326	1
19	1327	1
21	1327	1
6	1328	1
17	1328	1
28	1328	1
29	1328	1
12	1329	1
2	1330	1
0	1331	1
6	1331	1
27	1331	0
34	1331	1
38	1331	1
27	1332	1
34	1332	1
16	1333	1
17	1333	1
18	1333	0
24	1333	1
28	1333	1
9	1334	1
16	1334	1
24	1334	0
36	1334	1
23	1335	1
2	1336	1
7	1336	0
8	1337	1
0	1338	1
2	1338	0
13	1338	0
23	1338	0
15	1339	1
6	1340	1
13	1340	1
16	1340	1
17	1340	1
24	1340	0
39	1341	1
18	1342	1
6	1343	1
29	1343	1
39	1343	1
22	1344	1
8	1345	1
32	1345	1
17	1346	1
24	1346	0
6	1347	0
14	1347	1
23	1347	1
24	1347	1
1	1348	0
4	1348	1
7	1348	0
8	1348	1
27	1349	1
22	1350	1
28	1350	1
3	1351	0
31	1351	1
5	1352	1
28	1352	1
32	1353	1
39	1354	1
13	1355	1
21	1356	1
10	1357	1
14	1357	1
24	1357	0
13	1358	1
19	1358	1
10	1359	1
31	1359	0
15	1360	1
30	1360	0
8	1361	0
14	1361	1
22	1361	1
24	1361	1
31	1361	1
17	1362	0
23	1362	1
23	1363	1
8	1364	1
16	1364	1
11	1365	1
14	1366	1
31	1366	1
38	1366	1
23	1367	1
24	1367	1
22	1368	1
2	1369	0
13	1369	0
20	1369	1
28	1370	1
10	1371	0
0	1372	0
2	1372	1
19	1372	1
22	1373	1
23	1374	1
31	1374	1
9	1375	1
38	1376	1
10	1377	1
29	1377	1
2	1378	1
5	1378	1
34	1378	1
10	1379	1
12	1380	1
34	1380	1
17	1381	0
21	1381	1
24	1381	1
36	1381	1
1	1382	1
20	1382	1
21	1382	1
6	1383	1
10	1384	1
14	1384	1
10	1385	1
19	1386	1
39	1386	1
2	1387	1
0	1388	1
16	1389	1
21	1389	1
27	1389	0
1	1390	1
10	1390	1
17	1390	1
21	1391	1
34	1391	1
7	1392	1
14	1393	1
19	1393	1
31	1393	0
32	1393	1
39	1393	0
1	1394	1
2	1394	0
7	1394	1
23	1394	1
31	1394	1
6	1395	1
10	1395	0
39	1396	0
2	1397	0
7	1397	0
34	1397	1
9	1398	1
13	1399	0
18	1399	0
24	1399	1
35	1399	1
13	1400	1
6	1401	0
20	1401	1
29	1401	1
30	1401	0
39	1401	1
17	1402	1
1	1403	0
15	1403	0
35	1403	1
13	1404	1
31	1404	1
2	1405	1
18	1405	1
27	1405	1
1	1406	0
6	1406	1
27	1406	1
32	1406	1
36	1406	0
1	1407	1
8	1407	0
9	1407	1
14	1407	1
19	1407	1
12	1408	1
20	1408	1
9	1409	1
14	1409	1
14	1410	1
31	1410	1
32	1410	1
36	1410	1
6	1411	1
23	1411	1
31	1411	1
11	1412	1
17	1413	1
30	1413	1
10	1414	0
25	1414	1
12	1415	1
35	1415	0
8	1416	1
15	1416	0
20	1416	1
23	1416	0
30	1416	1
10	1417	1
14	1418	1
22	1418	1
35	1418	0
20	1419	1
22	1419	1
26	1420	1
34	1421	0
6	1422	1
23	1422	1
29	1422	1
31	1422	0
27	1423	1
31	1424	1
16	1425	1
8	1426	1
9	1426	1
28	1426	1
6	1427	1
9	1427	1
23	1427	1
29	1427	1
9	1428	1
24	1428	1
0	1429	1
2	1429	0
34	1429	1
37	1429	0
38	1429	1
1	1430	0
5	1430	1
23	1430	1
36	1430	1
39	1430	1
13	1431	1
22	1431	1
29	1431	1
20	1432	1
11	1433	1
30	1434	1
35	1434	1
20	1435	0
6	1436	1
13	1436	1
19	1436	0
39	1436	1
12	1437	0
23	1437	1
36	1437	0
31	1438	1
18	1439	1
23	1439	1
1	1440	1
4	1440	0
27	1441	1
36	1442	0
6	1443	1
27	1443	1
34	1443	1
14	1444	0
17	1444	1
22	1445	0
22	1446	1
32	1446	1
34	1446	0
35	1447	1
13	1448	1
16	1449	1
23	1449	1
35	1449	0
15	1450	1
19	1450	1
22	1450	1
30	1450	1
16	1451	0
8	1452	0
27	1452	1
34	1452	1
27	1453	1
9	1454	0
12	1454	1
20	1454	1
24	1455	1
4	1456	1
17	1456	1
21	1456	1
15	1457	1
17	1458	0
30	1459	1
36	1459	1
1	1460	0
8	1460	1
30	1460	1
11	1461	1
22	1461	0
28	1462	0
25	1463	0
32	1463	1
36	1463	1
2	1464	1
9	1464	1
12	1464	0
14	1464	1
17	1464	1
24	1465	1
34	1465	0
6	1466	1
12	1467	0
27	1467	1
8	1468	0
17	1468	1
23	1468	1
28	1469	1
13	1470	0
13	1471	1
23	1471	1
30	1471	1
34	1471	1
23	1472	1
6	1473	1
35	1473	0
2	1474	1
20	1474	0
30	1474	0
30	1475	1
35	1475	1
38	1475	1
28	1476	1
34	1476	1
6	1477	0
10	1477	1
20	1477	1
21	1477	0
23	1477	1
36	1477	1
2	1478	1
4	1478	1
13	1478	0
21	1478	1
22	1478	1
20	1479	1
29	1479	0
34	1479	1
36	1479	1
19	1480	1
1	1481	1
17	1481	1
19	1482	1
4	1483	0
10	1483	0
19	1483	1
24	1484	1
27	1485	1
38	1485	1
6	1486	1
31	1487	0
36	1487	1
19	1488	1
24	1489	1
2	1490	0
3	1490	0
8	1490	1
13	1490	1
36	1490	1
13	1491	1
1	1492	1
23	1493	0
31	1493	1
38	1493	1
6	1494	1
13	1494	1
20	1494	0
9	1495	1
30	1495	1
2	1496	1
6	1497	0
14	1497	1
16	1497	0
17	1498	0
6	1499	0
10	1499	1
13	1499	1
7	1500	1
8	1500	1
20	1500	1
3	1501	1
1	1502	0
20	1502	1
23	1502	1
28	1502	1
29	1502	1
39	1502	1
20	1503	1
1	1504	1
11	1504	1
13	1505	0
35	1506	1
9	1507	1
23	1508	1
7	1509	0
27	1510	1
16	1511	1
17	1511	1
23	1511	1
1	1512	1
6	1512	1
12	1512	0
6	1513	0
16	1513	1
18	1514	1
29	1514	0
12	1515	1
17	1515	1
23	1515	1
1	1516	1
4	1517	1
1	1518	1
2	1519	0
15	1519	1
17	1519	1
31	1519	0
12	1520	1
18	1520	0
36	1520	0
14	1521	1
21	1522	1
28	1522	1
34	1523	1
10	1524	1
12	1524	1
13	1524	1
39	1524	1
2	1525	1
1	1526	1
14	1526	1
34	1526	1
4	1527	1
23	1527	1
27	1527	0
34	1527	1
22	1528	0
27	1528	0
6	1529	1
13	1529	1
21	1529	1
17	1530	1
29	1531	1
22	1532	1
28	1532	1
39	1533	1
28	1534	1
8	1535	1
1	1536	0
17	1536	1
29	1536	0
30	1536	1
32	1536	0
1	1537	0
2	1537	0
34	1538	1
0	1539	1
9	1539	1
18	1539	1
22	1539	1
35	1539	1
21	1540	1
8	1541	1
20	1541	0
11	1542	1
1	1543	1
20	1543	1
0	1544	0
15	1544	0
17	1544	1
22	1544	0
28	1544	1
8	1545	1
10	1545	1
22	1546	1
24	1546	1
6	1547	1
8	1547	1
2	1548	1
7	1548	1
10	1548	1
14	1548	1
30	1548	1
19	1549	1
20	1549	0
28	1549	1
29	1549	0
31	1550	1
34	1550	1
39	1550	1
22	1551	1
20	1552	0
26	1552	0
28	1552	0
1	1553	1
12	1553	1
18	1553	1
27	1553	1
7	1554	0
34	1554	1
36	1555	1
12	1556	1
14	1556	1
39	1556	1
19	1557	1
28	1557	1
6	1558	0
18	1558	1
34	1558	0
38	1558	1
34	1559	1
6	1560	1
8	1560	1
13	1560	1
31	1560	1
22	1561	1
28	1561	1
10	1562	1
14	1562	1
18	1562	0
24	1562	1
38	1562	1
4	1563	1
27	1563	1
38	1563	1
3	1564	1
14	1565	1
18	1565	0
19	1565	1
39	1565	0
1	1566	1
6	1566	1
7	1566	1
10	1566	0
12	1566	1
21	1566	1
23	1566	1
29	1566	1
23	1567	0
26	1567	1
30	1568	1
39	1568	1
9	1569	1
17	1570	1
24	1570	1
22	1571	1
31	1571	1
8	1572	1
12	1572	0
17	1572	1
36	1572	1
4	1573	1
6	1574	1
17	1574	0
6	1575	1
6	1576	0
23	1576	0
27	1576	1
5	1577	0
17	1577	0
31	1577	0
27	1578	0
7	1579	0
23	1579	1
23	1580	1
31	1580	1
6	1581	1
23	1581	1
28	1581	1
10	1582	1
6	1583	0
9	1583	1
30	1583	1
6	1584	0
30	1585	1
0	1586	1
9	1586	1
23	1586	1
9	1587	1
3	1588	1
14	1588	1
23	1588	1
19	1589	1
10	1590	1
12	1590	1
11	1591	1
12	1592	1
23	1592	1
39	1592	1
9	1593	1
38	1593	1
12	1594	0
17	1594	0
27	1594	1
3	1595	0
4	1595	1
8	1595	1
23	1595	1
37	1595	1
22	1596	1
6	1597	1
12	1597	1
13	1597	1
16	1597	1
34	1597	1
14	1598	0
20	1598	1
29	1598	1
10	1599	1
17	1599	1
23	1599	1
5	1600	0
6	1600	0
28	1600	0
35	1600	0
13	1601	0
16	1601	0
39	1602	0
38	1603	0
34	1604	0
5	1605	0
18	1606	1
23	1606	0
31	1606	0
20	1607	0
8	1608	0
11	1608	0
23	1608	1
39	1608	0
8	1609	0
34	1610	1
9	1611	0
0	1612	0
22	1612	0
23	1612	0
17	1613	0
34	1613	0
1	1614	0
27	1614	1
34	1614	0
3	1615	0
20	1615	0
23	1615	0
34	1615	1
20	1616	0
22	1616	0
29	1616	0
36	1616	0
28	1617	0
31	1617	1
38	1618	1
38	1619	0
19	1620	0
21	1620	0
16	1621	0
13	1622	0
14	1622	0
21	1622	0
13	1623	0
15	1623	1
1	1624	0
23	1624	0
23	1625	0
2	1626	1
21	1626	0
22	1626	0
27	1626	0
2	1627	1
28	1628	1
6	1629	0
13	1629	0
17	1629	0
6	1630	0
27	1630	0
30	1630	1
31	1630	0
20	1631	0
23	1631	0
14	1632	0
16	1632	0
28	1632	0
17	1633	1
10	1634	1
12	1634	0
39	1635	0
6	1636	0
23	1636	0
14	1637	0
13	1638	0
3	1639	0
32	1640	0
2	1641	0
35	1641	0
6	1642	0
19	1642	0
1	1643	0
15	1643	0
31	1643	0
39	1643	1
5	1644	0
14	1644	0
29	1644	0
4	1645	1
23	1645	0
3	1646	0
36	1647	0
6	1648	0
14	1648	0
23	1649	0
13	1650	0
34	1651	0
6	1652	0
8	1652	0
18	1652	0
12	1653	0
23	1654	0
34	1654	1
34	1655	0
13	1656	1
23	1656	0
16	1657	0
14	1658	0
23	1658	0
39	1658	0
2	1659	1
20	1660	0
31	1660	0
3	1661	0
4	1661	0
6	1661	0
10	1662	0
37	1662	0
17	1663	1
30	1664	0
5	1665	0
39	1666	0
31	1667	0
5	1668	0
28	1668	0
37	1668	0
7	1669	0
9	1669	0
21	1669	0
15	1670	0
9	1671	0
18	1671	0
13	1672	0
1	1673	0
8	1674	1
21	1674	0
31	1674	0
34	1674	0
10	1675	0
4	1676	1
21	1676	1
7	1677	0
19	1677	0
22	1678	0
31	1678	1
2	1679	0
14	1679	0
14	1680	0
24	1680	0
31	1680	1
22	1681	0
23	1681	0
30	1681	0
13	1682	0
19	1682	0
38	1683	0
1	1684	1
16	1685	0
18	1685	0
34	1685	1
39	1685	0
8	1686	0
10	1686	0
8	1687	0
28	1687	0
34	1687	1
23	1688	0
29	1688	1
0	1689	0
20	1689	0
28	1690	0
35	1690	1
10	1691	1
16	1691	0
22	1691	1
8	1692	0
8	1693	0
34	1693	1
36	1693	1
1	1694	0
23	1694	0
28	1694	0
3	1695	0
23	1696	0
23	1697	0
19	1698	1
30	1698	0
31	1698	0
39	1698	0
24	1699	0
38	1700	1
1	1701	0
12	1701	1
31	1702	0
39	1702	0
5	1703	0
27	1703	0
28	1703	0
39	1703	1
15	1704	0
39	1704	0
29	1705	0
30	1705	1
15	1706	1
13	1707	0
24	1707	0
38	1707	0
20	1708	1
10	1709	1
6	1710	0
15	1710	0
39	1710	0
5	1711	0
23	1711	0
36	1712	0
4	1713	0
19	1713	0
20	1713	0
28	1713	0
31	1713	1
4	1714	1
31	1714	1
21	1715	0
8	1716	1
14	1716	0
31	1716	0
34	1716	0
39	1717	0
14	1718	0
15	1718	0
17	1718	0
29	1719	0
6	1720	0
23	1720	0
34	1720	0
17	1721	0
39	1721	0
0	1722	0
13	1722	0
32	1723	0
2	1724	0
9	1724	0
29	1724	0
7	1725	0
12	1725	1
34	1725	0
2	1726	0
4	1726	1
13	1726	1
34	1726	0
9	1727	0
23	1727	0
29	1727	0
5	1728	0
16	1728	0
28	1728	0
31	1729	1
13	1730	0
29	1731	0
31	1731	0
9	1732	1
16	1732	0
28	1732	0
38	1732	0
1	1733	1
7	1733	0
8	1733	0
12	1733	0
31	1733	0
3	1734	0
8	1734	0
10	1734	0
31	1734	0
34	1734	1
35	1734	0
8	1735	0
20	1735	0
27	1736	1
13	1737	0
35	1737	0
39	1737	0
2	1738	0
8	1738	0
9	1738	0
29	1738	0
30	1738	0
23	1739	1
27	1740	1
29	1740	1
7	1741	1
15	1741	0
34	1741	0
13	1742	0
8	1743	0
17	1743	1
39	1744	0
6	1745	0
16	1745	0
39	1745	0
34	1746	0
17	1747	0
19	1748	0
27	1748	1
9	1749	0
20	1749	0
22	1749	0
21	1750	0
34	1750	0
37	1750	0
5	1751	0
8	1751	0
9	1751	0
27	1751	0
39	1752	0
6	1753	0
20	1753	0
23	1753	1
39	1754	0
1	1755	0
5	1755	0
12	1755	0
22	1755	0
35	1755	0
1	1756	0
10	1756	0
35	1756	1
7	1757	0
23	1757	0
4	1758	0
6	1758	0
8	1758	0
10	1758	1
13	1758	0
21	1758	1
31	1758	0
1	1759	0
9	1759	0
10	1759	1
24	1759	0
27	1759	0
7	1760	0
4	1761	1
9	1761	0
10	1761	1
16	1761	0
23	1761	1
14	1762	0
15	1762	0
23	1762	1
39	1762	0
19	1763	0
22	1764	1
30	1764	0
36	1764	0
10	1765	1
17	1765	0
4	1766	0
35	1766	1
38	1766	0
1	1767	0
20	1767	0
21	1767	0
25	1767	0
29	1767	0
34	1767	0
2	1768	1
1	1769	0
9	1769	0
31	1769	0
34	1770	0
10	1771	0
12	1772	0
34	1772	1
22	1773	0
28	1773	0
17	1774	0
26	1775	0
39	1775	0
22	1776	0
36	1777	0
0	1778	0
31	1778	0
8	1779	0
27	1779	0
31	1780	1
12	1781	1
13	1781	0
23	1781	0
27	1781	1
9	1782	0
14	1782	0
20	1782	1
6	1783	0
12	1783	0
1	1784	1
10	1785	0
21	1785	0
24	1785	1
17	1786	0
35	1786	1
36	1786	0
9	1787	0
17	1788	0
39	1788	0
1	1789	0
13	1789	0
36	1789	0
16	1790	0
39	1790	0
10	1791	1
22	1791	0
28	1791	0
10	1792	0
21	1792	0
27	1792	0
13	1793	1
14	1793	0
28	1793	0
13	1794	0
36	1794	0
14	1795	0
16	1795	0
1	1796	0
34	1796	0
18	1797	0
29	1797	0
14	1798	0
31	1798	0
18	1799	1
20	1799	1
34	1799	0
11	1800	1
20	1800	0
29	1800	0
31	1800	0
26	1801	0
11	1802	0
20	1803	0
6	1804	0
10	1804	0
18	1804	0
23	1804	0
37	1804	0
13	1805	0
32	1805	0
1	1806	0
14	1807	0
1	1808	1
12	1808	0
21	1808	0
22	1808	0
30	1808	0
3	1809	0
17	1809	0
28	1809	1
19	1810	0
30	1810	0
33	1810	0
6	1811	0
31	1811	1
7	1812	0
9	1812	0
23	1812	0
24	1812	0
6	1813	0
9	1813	0
23	1813	0
1	1814	0
9	1814	1
36	1814	0
9	1815	0
14	1815	1
22	1815	1
24	1815	1
22	1816	0
24	1816	0
34	1816	0
39	1816	0
1	1817	0
2	1817	1
13	1817	1
9	1818	1
13	1818	1
27	1818	0
9	1819	1
17	1819	1
22	1819	0
35	1819	0
17	1820	1
8	1821	0
28	1821	1
1	1822	0
2	1822	1
12	1823	0
36	1823	0
27	1824	0
36	1825	0
38	1825	0
6	1826	0
11	1826	0
12	1826	0
20	1826	0
32	1826	0
39	1826	1
20	1827	0
29	1827	0
23	1828	0
27	1828	1
39	1828	0
12	1829	1
23	1830	0
4	1831	1
9	1831	0
21	1831	0
6	1832	0
2	1833	0
15	1834	1
22	1834	1
24	1835	1
2	1836	1
6	1836	0
16	1836	0
4	1837	0
9	1837	0
18	1837	0
39	1837	0
13	1838	0
39	1838	0
33	1839	0
9	1840	1
16	1840	1
25	1841	0
29	1842	0
1	1843	0
5	1844	0
29	1844	0
39	1844	1
7	1845	1
18	1845	0
2	1846	0
6	1846	0
23	1846	0
24	1846	1
1	1847	1
28	1847	0
31	1847	0
10	1848	0
17	1848	0
35	1848	0
39	1849	0
2	1850	0
23	1850	1
2	1851	0
4	1852	1
6	1852	1
8	1852	0
31	1853	1
2	1854	0
31	1854	0
4	1855	0
13	1855	0
23	1855	0
24	1855	0
1	1856	0
7	1856	0
18	1856	0
2	1857	1
14	1857	0
1	1858	0
8	1858	0
24	1859	0
28	1859	0
1	1860	0
16	1860	0
23	1860	0
37	1860	0
6	1861	1
7	1861	0
10	1861	0
18	1861	0
19	1861	0
1	1862	0
5	1862	0
6	1862	0
16	1862	0
27	1863	0
0	1864	0
10	1864	0
17	1864	0
7	1865	0
28	1865	0
6	1866	0
2	1867	1
14	1867	1
18	1867	0
23	1867	0
36	1867	0
1	1868	0
3	1868	0
23	1868	0
27	1868	1
8	1869	0
14	1869	1
15	1869	1
20	1869	0
6	1870	1
31	1870	1
36	1870	0
8	1871	0
12	1871	0
16	1872	0
24	1873	0
31	1873	1
1	1874	1
38	1875	0
0	1876	0
22	1876	0
31	1876	1
34	1876	1
9	1877	0
8	1878	0
13	1878	0
20	1879	1
8	1880	1
21	1880	0
23	1880	0
36	1880	0
38	1880	0
8	1881	0
28	1881	0
39	1881	0
13	1882	0
20	1882	1
14	1883	1
17	1884	0
31	1884	0
9	1885	0
12	1886	0
3	1887	0
27	1887	1
29	1887	0
15	1888	0
31	1888	0
21	1889	0
23	1889	0
28	1889	1
29	1889	0
30	1890	0
13	1891	0
28	1891	0
36	1892	0
6	1893	0
8	1894	1
13	1894	0
19	1894	1
20	1894	1
23	1894	0
14	1895	0
21	1896	0
28	1896	1
29	1896	0
0	1897	0
13	1897	0
20	1897	0
31	1897	0
6	1898	0
12	1898	0
32	1898	1
38	1898	0
8	1899	0
10	1899	0
18	1899	0
6	1900	0
14	1900	0
21	1900	0
22	1900	0
1	1901	0
2	1901	1
8	1901	0
13	1901	0
13	1902	1
30	1902	0
15	1903	0
18	1903	1
23	1903	0
34	1903	0
39	1903	0
1	1904	0
6	1905	1
14	1905	0
18	1905	0
23	1905	0
35	1905	1
36	1905	0
36	1906	1
1	1907	1
2	1908	0
13	1908	1
27	1908	0
28	1908	0
2	1909	1
4	1909	1
21	1909	1
7	1910	1
8	1910	0
34	1910	0
31	1911	0
36	1911	0
8	1912	0
10	1913	1
23	1913	0
9	1914	1
10	1914	1
17	1914	1
39	1914	0
1	1915	0
7	1915	1
22	1915	0
6	1916	0
13	1916	1
29	1916	1
34	1916	0
1	1917	1
32	1917	0
9	1918	0
10	1918	0
23	1918	0
28	1918	0
0	1919	0
34	1919	0
0	1920	1
17	1920	1
18	1920	0
3	1921	0
17	1921	0
23	1921	0
2	1922	1
20	1922	1
12	1923	1
28	1923	0
1	1924	1
16	1924	0
20	1924	0
35	1924	0
1	1925	0
27	1925	0
30	1925	0
0	1926	0
20	1926	1
31	1927	1
18	1928	0
23	1928	0
35	1928	0
17	1929	0
30	1929	0
0	1930	1
8	1930	0
24	1931	0
16	1932	0
14	1933	0
28	1934	0
29	1934	0
20	1935	0
21	1935	0
23	1935	0
1	1936	0
35	1936	1
14	1937	0
13	1938	0
10	1939	0
13	1939	0
32	1939	0
3	1940	0
5	1940	0
7	1940	0
19	1940	0
22	1940	0
33	1940	0
7	1941	0
16	1941	0
2	1942	0
5	1942	0
6	1942	0
21	1942	0
24	1942	0
27	1942	1
36	1942	0
37	1942	0
0	1943	0
8	1943	0
29	1943	1
36	1943	0
18	1944	0
20	1945	0
10	1946	1
14	1947	0
23	1947	0
29	1947	1
30	1947	1
24	1948	1
20	1949	0
22	1949	0
20	1950	0
8	1951	0
14	1951	0
15	1951	0
29	1951	0
2	1952	0
7	1952	0
13	1952	0
27	1952	0
29	1952	0
20	1953	0
39	1954	0
1	1955	0
18	1955	0
8	1956	1
15	1956	0
23	1957	0
7	1958	1
8	1958	0
23	1958	0
31	1958	0
14	1959	0
6	1960	0
30	1960	0
2	1961	1
28	1961	0
29	1961	0
35	1961	0
21	1962	0
23	1962	1
39	1962	0
16	1963	0
1	1964	0
12	1965	0
31	1965	0
36	1965	1
25	1966	0
31	1966	1
1	1967	0
39	1967	0
2	1968	0
6	1968	0
7	1968	1
34	1968	0
39	1968	0
3	1969	0
14	1969	0
15	1969	0
6	1970	0
23	1970	0
29	1970	0
31	1970	0
10	1971	1
1	1972	0
16	1972	1
20	1972	0
23	1972	0
20	1973	0
7	1974	0
22	1974	0
30	1974	0
34	1974	0
18	1975	0
38	1975	0
2	1976	0
36	1976	0
36	1977	0
35	1978	0
34	1979	0
9	1980	0
10	1980	0
13	1980	0
0	1981	0
1	1981	1
29	1981	0
6	1982	0
20	1982	1
31	1982	0
34	1982	0
6	1983	0
20	1983	0
30	1983	0
33	1984	0
0	1985	0
2	1985	0
17	1985	0
35	1985	0
19	1986	0
8	1987	0
10	1987	0
20	1987	0
21	1987	0
34	1987	0
8	1988	1
20	1989	0
27	1989	0
29	1989	0
2	1990	1
6	1990	0
28	1990	0
5	1991	0
9	1992	0
23	1992	0
4	1993	0
10	1993	0
32	1993	0
34	1994	0
17	1995	0
29	1995	1
0	1996	0
18	1996	0
5	1997	0
17	1997	1
4	1998	0
6	1998	0
10	1998	0
17	1998	1
31	1998	0
2	1999	0
4	1999	0
12	1999	1
17	2000	1
31	2000	0
6	2001	1
23	2001	0
27	2002	0
31	2002	0
34	2002	0
10	2003	1
31	2003	0
28	2004	0
14	2005	0
34	2005	0
3	2006	0
8	2006	0
17	2006	0
20	2006	1
17	2007	0
7	2008	0
8	2009	0
13	2009	0
20	2009	0
6	2010	0
13	2010	0
36	2010	0
22	2011	0
24	2011	1
6	2012	0
12	2012	1
13	2012	0
15	2012	0
16	2012	0
0	2013	0
19	2013	0
20	2013	0
16	2014	1
1	2015	0
22	2015	0
38	2015	0
31	2016	1
17	2017	1
19	2017	0
21	2018	0
2	2019	1
5	2019	0
31	2019	1
7	2020	0
14	2020	1
17	2020	0
21	2020	0
19	2021	0
20	2021	0
0	2022	0
1	2022	1
3	2022	0
22	2022	0
34	2022	1
36	2023	0
39	2023	0
13	2024	1
8	2025	0
9	2025	0
10	2025	0
8	2026	0
9	2026	1
14	2026	0
17	2026	0
32	2026	0
9	2027	0
22	2027	0
28	2027	0
29	2027	0
21	2028	0
34	2028	0
5	2029	0
16	2029	0
35	2029	1
20	2030	0
14	2031	1
18	2031	1
21	2031	0
24	2031	0
8	2032	0
24	2033	0
31	2033	1
34	2033	0
36	2033	0
1	2034	0
6	2034	0
10	2034	1
16	2034	0
19	2034	0
24	2034	1
34	2034	0
34	2035	0
36	2035	0
39	2036	1
35	2037	1
1	2038	1
16	2039	0
30	2040	0
18	2041	0
9	2042	0
29	2042	0
12	2043	0
34	2043	0
7	2044	0
30	2044	0
9	2045	0
0	2046	0
6	2047	0
13	2047	1
17	2047	1
31	2047	0
3	2048	0
32	2048	0
17	2049	0
29	2049	0
1	2050	0
22	2050	0
28	2050	0
36	2050	0
8	2051	0
13	2052	0
4	2053	1
39	2054	0
3	2055	1
6	2055	0
7	2055	0
10	2055	0
13	2055	0
23	2055	0
23	2056	1
6	2057	0
10	2057	0
13	2057	1
24	2057	0
5	2058	0
7	2058	1
16	2058	0
19	2058	0
15	2059	0
16	2059	0
34	2059	0
36	2059	1
9	2060	0
16	2060	0
9	2061	0
12	2062	1
21	2062	0
23	2062	0
6	2063	0
10	2063	1
22	2063	1
29	2064	0
30	2064	0
1	2065	0
23	2065	0
30	2065	1
12	2066	0
32	2067	0
0	2068	0
1	2068	0
14	2068	0
29	2068	0
6	2069	0
11	2069	0
23	2069	0
31	2069	1
29	2070	1
32	2070	0
36	2070	0
14	2071	0
17	2071	0
20	2071	0
23	2071	1
31	2071	0
36	2071	0
39	2071	1
13	2072	0
27	2072	0
32	2072	0
38	2072	1
17	2073	0
21	2073	0
14	2074	1
20	2074	0
30	2074	0
16	2075	0
17	2075	1
20	2075	0
6	2076	0
11	2077	0
8	2078	1
31	2078	0
34	2078	0
15	2079	0
20	2079	1
22	2079	0
36	2080	0
1	2081	0
33	2081	0
5	2082	0
7	2082	0
10	2082	0
17	2082	0
21	2082	0
29	2082	0
32	2082	1
17	2083	0
20	2083	0
34	2083	0
39	2083	0
27	2084	0
36	2084	0
6	2085	0
23	2085	0
29	2085	0
2	2086	1
1	2087	0
8	2087	0
9	2087	0
21	2087	0
30	2087	0
12	2088	0
9	2089	0
31	2090	0
4	2091	0
1	2092	0
16	2092	0
34	2092	0
6	2093	0
8	2093	0
29	2093	0
6	2094	0
8	2095	0
16	2095	1
27	2095	0
6	2096	0
8	2096	0
29	2096	0
14	2097	0
28	2097	0
17	2098	1
29	2098	0
30	2098	0
36	2098	0
13	2099	0
21	2099	0
6	2100	0
37	2100	0
23	2101	1
34	2101	0
20	2102	0
2	2103	0
28	2104	0
30	2105	0
14	2106	1
14	2107	0
16	2107	0
39	2107	1
9	2108	0
10	2108	0
16	2108	0
36	2108	0
7	2109	1
13	2109	1
18	2109	0
24	2109	0
7	2110	1
10	2110	0
27	2110	0
31	2110	1
4	2111	0
21	2111	0
28	2111	1
31	2111	0
34	2111	0
10	2112	0
34	2112	0
24	2113	0
9	2114	1
10	2114	0
28	2114	0
30	2114	0
38	2114	0
16	2115	0
24	2116	1
15	2117	0
34	2117	0
8	2118	0
17	2118	0
30	2119	0
32	2119	0
35	2119	1
10	2120	0
13	2120	0
35	2120	1
31	2121	0
13	2122	1
4	2123	0
20	2123	0
31	2123	1
39	2123	1
5	2124	0
9	2124	0
20	2125	0
8	2126	0
10	2126	0
20	2126	0
27	2126	0
28	2126	0
16	2127	0
30	2127	0
32	2127	0
7	2128	0
9	2129	1
13	2129	1
35	2129	0
29	2130	0
17	2131	1
18	2131	0
22	2132	0
30	2132	0
9	2133	0
21	2134	0
31	2134	0
27	2135	1
1	2136	0
9	2136	0
18	2136	1
23	2136	1
4	2137	0
23	2138	0
24	2138	0
2	2139	0
14	2139	0
30	2139	0
34	2139	1
22	2140	0
23	2140	1
33	2140	0
1	2141	1
20	2141	0
37	2141	0
20	2142	0
4	2143	0
14	2143	0
1	2144	0
30	2144	0
20	2145	0
28	2146	0
9	2147	0
10	2147	1
11	2147	0
12	2147	1
28	2147	1
4	2148	0
34	2148	0
14	2149	0
15	2149	0
31	2149	0
9	2150	0
31	2150	0
20	2151	0
1	2152	0
6	2153	0
14	2153	1
2	2154	1
13	2154	0
33	2155	0
1	2156	0
17	2156	0
20	2156	0
13	2157	0
29	2157	0
6	2158	0
14	2158	0
17	2158	0
23	2158	0
5	2159	0
14	2159	0
28	2159	0
8	2160	0
16	2160	0
8	2161	1
23	2161	0
20	2162	0
10	2163	1
29	2163	0
2	2164	0
7	2165	0
8	2165	0
18	2165	0
26	2165	0
38	2165	0
0	2166	1
1	2166	1
2	2166	1
16	2166	0
14	2167	0
9	2168	0
34	2168	0
9	2169	0
10	2169	0
11	2169	1
16	2170	1
27	2170	0
23	2171	0
14	2172	0
9	2173	0
13	2173	1
10	2174	0
11	2175	0
2	2176	0
8	2176	1
4	2177	0
29	2177	0
36	2177	0
38	2178	0
6	2179	0
30	2179	0
6	2180	1
1	2181	0
29	2181	0
23	2182	0
10	2183	0
14	2183	0
17	2183	0
6	2184	0
13	2184	0
27	2184	0
31	2184	1
13	2185	0
15	2186	0
6	2187	1
18	2187	0
28	2187	1
31	2187	1
1	2188	0
4	2188	0
6	2188	1
7	2189	1
9	2189	0
15	2189	0
9	2190	1
4	2191	0
1	2192	1
4	2192	1
6	2192	0
23	2192	0
6	2193	0
7	2193	1
10	2194	0
37	2194	0
18	2195	0
5	2196	0
9	2196	0
20	2197	1
27	2197	1
18	2198	0
39	2199	0
3	2200	1
4	2201	0
9	2201	0
27	2201	0
30	2201	1
9	2202	0
27	2202	1
3	2203	0
10	2204	0
0	2205	0
8	2205	1
10	2206	0
17	2206	0
18	2206	1
14	2207	0
2	2208	0
37	2209	0
38	2209	0
20	2210	0
27	2211	0
35	2211	1
4	2212	1
27	2212	1
34	2212	0
37	2212	0
39	2212	0
5	2213	0
12	2213	0
23	2213	0
30	2213	0
8	2214	1
9	2214	0
13	2214	0
14	2215	0
15	2215	1
24	2216	0
29	2217	0
34	2217	0
23	2218	0
5	2219	0
10	2219	0
4	2220	0
9	2220	0
10	2220	0
15	2220	0
34	2220	0
27	2221	1
1	2222	0
18	2223	0
21	2223	0
16	2224	0
18	2224	0
21	2225	0
24	2225	0
28	2225	0
33	2225	0
15	2226	0
26	2227	0
29	2227	0
6	2228	0
12	2228	1
16	2228	0
28	2228	0
31	2228	1
16	2229	1
36	2229	1
15	2230	1
24	2230	0
36	2231	0
37	2231	0
6	2232	0
15	2233	0
17	2233	0
16	2234	0
34	2234	1
15	2235	0
20	2235	0
30	2235	0
32	2235	0
36	2235	0
13	2236	1
8	2237	0
13	2237	0
34	2237	1
12	2238	0
22	2238	1
35	2238	1
2	2239	0
19	2239	0
22	2239	1
23	2239	0
31	2239	1
6	2240	0
7	2240	0
31	2240	0
34	2241	0
6	2242	0
19	2242	0
23	2242	0
29	2242	0
8	2243	1
15	2243	0
27	2243	1
28	2243	0
29	2243	0
22	2244	0
20	2245	0
2	2246	0
11	2246	0
14	2246	0
18	2246	0
25	2246	0
29	2247	0
10	2248	0
12	2248	1
8	2249	0
34	2250	0
8	2251	1
21	2251	0
30	2252	0
0	2253	0
4	2253	0
6	2253	0
20	2253	0
20	2254	0
30	2254	0
6	2255	0
10	2255	0
22	2256	0
8	2257	0
11	2257	0
23	2257	1
29	2257	1
31	2258	1
34	2258	0
36	2258	0
39	2258	0
8	2259	0
22	2259	0
23	2260	0
31	2260	0
36	2260	0
1	2261	0
35	2261	1
1	2262	1
24	2262	1
6	2263	0
12	2264	0
21	2264	0
23	2264	0
27	2265	0
20	2266	1
27	2267	1
29	2267	0
33	2267	0
4	2268	1
10	2268	0
31	2268	1
31	2269	0
24	2270	1
2	2271	0
3	2271	0
16	2271	0
6	2272	0
12	2272	0
8	2273	0
12	2273	0
18	2273	0
39	2273	0
14	2274	0
16	2274	0
17	2274	0
29	2274	0
39	2274	0
34	2275	0
23	2276	0
2	2277	1
29	2277	0
37	2277	1
8	2278	0
9	2278	1
13	2278	0
16	2278	0
30	2278	0
29	2279	0
6	2280	0
14	2280	0
9	2281	0
12	2281	0
30	2281	1
20	2282	0
12	2283	0
4	2284	0
13	2284	0
20	2284	0
21	2284	0
34	2284	1
28	2285	0
36	2286	0
30	2287	0
37	2287	0
17	2288	0
29	2288	0
37	2288	0
2	2289	0
8	2289	0
30	2289	0
12	2290	1
2	2291	0
7	2291	0
12	2292	0
14	2292	0
30	2292	0
27	2293	0
30	2293	0
6	2294	0
11	2295	1
22	2295	0
24	2295	0
29	2295	0
32	2295	1
34	2295	0
29	2296	1
34	2296	0
30	2297	0
34	2297	0
23	2298	0
27	2298	1
5	2299	0
21	2299	0
6	2300	0
9	2300	0
21	2300	0
5	2301	1
16	2301	0
32	2301	0
1	2302	0
16	2302	0
2	2303	1
10	2303	1
13	2303	1
29	2303	1
20	2304	0
35	2304	1
36	2304	0
23	2305	0
26	2305	0
17	2306	0
23	2306	0
29	2306	1
20	2307	1
21	2307	0
8	2308	0
13	2309	0
17	2310	0
32	2310	0
1	2311	0
7	2311	0
21	2311	0
1	2312	0
2	2312	1
4	2312	0
6	2312	0
17	2312	0
0	2313	0
6	2313	0
10	2313	0
13	2313	0
16	2313	0
35	2313	1
23	2314	0
27	2314	1
35	2314	0
36	2314	1
27	2315	0
2	2316	1
29	2316	0
30	2316	0
14	2317	0
36	2317	0
18	2318	0
26	2318	1
1	2319	1
22	2319	1
31	2320	0
38	2320	1
9	2321	1
31	2321	0
34	2321	1
13	2322	0
18	2322	1
3	2323	1
21	2323	0
34	2323	0
35	2324	1
8	2325	0
18	2325	0
22	2325	1
28	2325	0
16	2326	0
34	2326	0
1	2327	0
6	2327	0
29	2327	0
39	2327	0
9	2328	0
10	2328	0
14	2328	0
16	2328	0
20	2328	0
36	2328	0
9	2329	0
15	2329	1
16	2329	0
30	2329	0
8	2330	1
26	2330	0
1	2331	1
1	2332	1
31	2332	1
7	2333	0
24	2333	0
36	2333	0
0	2334	0
9	2334	1
23	2335	0
8	2336	0
31	2337	0
35	2337	0
20	2338	0
24	2338	0
30	2338	0
36	2338	0
20	2339	0
26	2339	0
10	2340	0
27	2340	0
29	2340	0
36	2340	0
1	2341	0
12	2341	1
21	2341	0
31	2342	0
0	2343	1
1	2343	1
13	2343	0
17	2343	1
35	2343	1
7	2344	0
13	2345	0
28	2345	0
4	2346	0
6	2346	1
29	2346	1
14	2347	0
23	2347	0
34	2347	0
12	2348	1
20	2348	0
34	2348	0
36	2348	1
13	2349	1
10	2350	0
39	2350	0
8	2351	1
36	2351	0
10	2352	0
19	2352	0
21	2352	0
24	2352	0
0	2353	0
34	2353	0
36	2353	0
39	2353	0
1	2354	0
20	2355	0
31	2356	1
13	2357	0
1	2358	0
10	2358	0
9	2359	0
20	2359	0
29	2359	0
30	2359	0
23	2360	0
18	2361	0
39	2361	0
4	2362	0
8	2362	0
27	2362	0
35	2362	0
34	2363	0
31	2364	0
13	2365	1
23	2365	1
30	2365	1
10	2366	1
23	2366	1
1	2367	0
6	2367	1
1	2368	1
6	2369	1
15	2369	1
1	2370	1
13	2370	1
22	2370	1
13	2371	1
14	2371	0
17	2371	1
17	2372	0
18	2372	1
23	2372	1
30	2372	1
36	2372	1
4	2373	0
12	2374	1
34	2374	1
35	2374	1
6	2375	1
21	2375	1
36	2375	1
0	2376	1
6	2377	1
27	2377	1
31	2377	0
9	2378	1
29	2378	0
13	2379	1
29	2379	1
31	2379	1
34	2380	1
1	2381	1
29	2382	1
8	2383	0
33	2383	1
1	2384	1
7	2384	1
4	2385	1
10	2385	1
17	2385	0
36	2385	1
1	2386	1
10	2386	1
15	2386	1
6	2387	1
8	2387	1
10	2387	1
37	2387	1
2	2388	1
10	2388	0
13	2388	1
0	2389	1
4	2389	0
3	2390	1
5	2390	0
16	2390	0
20	2390	1
25	2391	1
16	2392	1
24	2392	1
31	2393	1
39	2393	1
8	2394	0
0	2395	1
24	2395	1
2	2396	0
34	2396	1
2	2397	1
24	2397	1
27	2397	0
28	2397	1
9	2398	1
18	2399	1
30	2399	1
2	2400	0
23	2400	1
30	2401	1
2	2402	1
9	2402	0
28	2403	1
32	2403	1
23	2404	0
33	2404	1
20	2405	1
0	2406	1
12	2406	1
27	2407	0
17	2408	1
22	2408	1
1	2409	0
2	2410	1
6	2410	1
14	2410	1
18	2410	1
23	2411	1
18	2412	0
20	2412	1
6	2413	0
9	2413	1
14	2413	1
39	2414	1
13	2415	1
37	2416	1
20	2417	0
27	2417	0
9	2418	1
20	2418	1
36	2419	1
2	2420	1
6	2420	1
29	2420	1
37	2421	1
7	2422	1
36	2422	1
7	2423	1
12	2423	0
16	2423	1
20	2423	0
34	2423	1
38	2423	1
2	2424	1
2	2425	1
17	2425	1
34	2425	1
18	2426	0
22	2426	1
39	2426	1
3	2427	1
13	2428	1
17	2429	1
23	2429	1
20	2430	0
23	2430	1
5	2431	1
29	2431	0
4	2432	1
7	2432	0
17	2432	0
28	2432	0
37	2433	0
6	2434	1
30	2434	1
0	2435	0
10	2436	1
35	2436	0
3	2437	1
23	2437	1
35	2437	1
13	2438	1
17	2438	0
24	2438	0
9	2439	0
20	2439	0
29	2439	1
2	2440	1
13	2440	1
34	2440	1
26	2441	1
31	2441	1
27	2442	0
39	2442	1
6	2443	1
29	2444	1
21	2445	1
23	2445	1
30	2445	1
31	2445	0
9	2446	1
14	2446	1
30	2446	1
31	2446	0
29	2447	0
14	2448	1
17	2448	1
9	2449	1
17	2449	0
19	2449	1
23	2449	1
14	2450	0
17	2450	1
20	2450	1
21	2450	0
22	2450	1
27	2451	0
35	2451	0
21	2452	1
1	2453	1
3	2453	1
12	2453	0
17	2453	1
39	2453	1
13	2454	0
8	2455	1
14	2455	1
21	2455	1
12	2456	1
11	2457	1
0	2458	1
1	2458	1
9	2458	1
23	2458	1
28	2458	1
34	2459	1
15	2460	0
17	2460	1
21	2460	1
32	2460	1
39	2460	1
27	2461	0
20	2462	1
13	2463	1
1	2464	0
2	2464	1
5	2464	1
18	2464	0
34	2464	1
12	2465	1
37	2466	0
13	2467	1
22	2467	1
39	2467	1
17	2468	1
23	2468	1
3	2469	1
4	2469	1
8	2469	1
21	2469	1
32	2469	0
9	2470	0
17	2470	1
36	2470	1
1	2471	1
21	2471	1
33	2471	1
38	2471	1
31	2472	1
22	2473	1
29	2473	0
32	2474	1
22	2475	1
24	2475	1
27	2475	1
31	2475	1
30	2476	1
31	2476	0
20	2477	1
9	2478	1
23	2478	1
29	2478	0
0	2479	0
20	2479	1
15	2480	1
18	2480	1
7	2481	0
0	2482	1
34	2483	1
17	2484	0
27	2484	0
32	2484	1
34	2485	1
35	2485	0
39	2485	1
1	2486	1
34	2486	1
2	2487	0
22	2487	1
23	2487	1
27	2487	0
18	2488	0
20	2488	1
21	2488	1
9	2489	1
14	2489	1
27	2490	1
28	2490	1
3	2491	1
9	2491	1
20	2491	1
4	2492	1
13	2492	1
16	2492	0
17	2492	0
24	2492	1
6	2493	1
9	2493	1
22	2493	1
12	2494	1
19	2494	1
27	2494	1
10	2495	1
27	2495	0
31	2495	1
39	2495	1
28	2496	1
17	2497	1
3	2498	1
14	2498	1
23	2498	1
24	2498	1
6	2499	1
8	2499	1
1	2500	1
2	2500	1
27	2500	1
29	2500	1
4	2501	1
5	2501	1
27	2501	1
16	2502	1
32	2502	1
0	2503	1
31	2503	1
36	2503	1
2	2504	1
9	2504	1
27	2504	1
34	2505	1
21	2506	1
7	2507	1
22	2507	1
10	2508	1
14	2508	1
4	2509	1
20	2510	1
23	2510	1
39	2511	1
8	2512	1
14	2512	1
6	2513	1
20	2513	1
34	2513	1
39	2513	1
13	2514	1
23	2514	1
34	2514	1
28	2515	1
23	2516	0
36	2517	1
1	2518	1
6	2518	1
13	2518	1
23	2518	1
38	2518	1
6	2519	1
24	2519	0
1	2520	1
13	2520	1
18	2520	1
27	2520	1
30	2520	1
18	2521	1
24	2521	1
27	2521	1
31	2521	0
34	2522	1
7	2523	1
8	2523	1
24	2523	1
39	2523	0
17	2524	1
35	2524	0
9	2525	0
1	2526	0
26	2527	1
23	2528	0
27	2528	0
39	2528	1
15	2529	1
18	2529	1
28	2529	1
30	2529	1
19	2530	1
0	2531	1
8	2531	1
14	2531	1
32	2531	1
34	2531	1
10	2532	1
15	2533	1
0	2534	1
8	2534	1
9	2534	1
20	2534	1
23	2534	1
16	2535	1
18	2535	1
19	2536	1
23	2536	0
2	2537	0
11	2537	1
28	2537	1
1	2538	1
6	2538	1
15	2539	1
23	2539	1
31	2540	1
34	2540	1
31	2541	1
0	2542	1
20	2542	1
29	2542	1
1	2543	1
10	2543	1
32	2543	1
0	2544	1
34	2544	1
8	2545	1
9	2545	0
13	2545	1
23	2545	1
29	2545	1
2	2546	1
4	2546	1
34	2546	0
8	2547	1
19	2547	1
28	2547	1
29	2548	1
29	2549	1
20	2550	1
18	2551	0
20	2551	0
23	2551	1
24	2551	1
28	2551	0
14	2552	1
20	2553	1
23	2553	1
39	2553	1
15	2554	1
23	2554	1
31	2554	0
6	2555	1
27	2555	0
8	2556	1
9	2556	1
12	2556	1
4	2557	1
6	2557	0
10	2557	1
15	2558	0
15	2559	1
22	2559	1
34	2559	0
3	2560	1
1	2561	1
8	2561	1
21	2561	1
27	2561	1
20	2562	1
30	2562	1
10	2563	1
17	2563	1
6	2564	1
17	2564	1
28	2564	1
31	2564	1
36	2564	1
3	2565	1
39	2565	1
2	2566	1
36	2566	1
8	2567	0
23	2567	1
7	2568	0
39	2568	1
4	2569	1
9	2569	1
13	2569	0
17	2569	0
28	2569	1
32	2569	1
21	2570	1
23	2570	1
24	2570	1
27	2570	0
39	2570	1
30	2571	1
34	2571	1
0	2572	1
8	2572	1
30	2573	1
36	2573	1
6	2574	1
20	2574	1
21	2574	1
2	2575	1
10	2575	1
23	2576	1
26	2576	0
9	2577	0
13	2577	1
15	2577	1
20	2577	1
24	2577	1
39	2578	1
4	2579	0
1	2580	1
9	2581	1
18	2581	1
6	2582	1
9	2583	0
19	2583	1
28	2583	1
34	2583	1
8	2584	1
14	2584	1
17	2584	1
30	2584	1
35	2584	0
4	2585	1
14	2585	1
14	2586	1
21	2586	1
39	2586	0
6	2587	1
9	2587	1
10	2587	1
19	2587	1
23	2588	0
31	2588	1
34	2589	1
36	2589	1
10	2590	1
14	2590	1
29	2590	1
4	2591	1
6	2591	1
24	2592	1
39	2592	1
2	2593	1
20	2593	1
35	2593	0
23	2594	1
6	2595	1
8	2596	1
18	2596	0
12	2597	1
15	2597	1
17	2597	1
20	2597	1
35	2598	1
14	2599	1
29	2599	1
31	2599	0
34	2599	1
31	2600	0
28	2601	1
31	2601	1
14	2602	1
22	2602	1
28	2602	1
29	2602	1
39	2603	1
8	2604	1
10	2604	1
1	2605	0
10	2605	1
14	2606	1
38	2606	1
14	2607	1
21	2607	1
27	2607	0
5	2608	1
36	2608	1
2	2609	1
20	2609	1
1	2610	1
7	2610	1
24	2610	1
36	2610	1
39	2610	1
26	2611	0
1	2612	0
5	2612	1
9	2612	1
30	2612	1
6	2613	1
23	2614	0
2	2615	1
8	2615	1
3	2616	1
9	2616	0
10	2616	1
23	2616	1
29	2616	0
2	2617	1
22	2618	1
23	2618	1
29	2618	1
4	2619	1
6	2619	1
9	2619	1
11	2619	1
13	2619	1
32	2619	0
6	2620	1
8	2620	1
19	2620	1
34	2620	1
18	2621	0
23	2621	1
10	2622	1
20	2622	1
6	2623	1
13	2624	0
15	2624	1
27	2624	0
31	2624	0
20	2625	0
39	2625	1
27	2626	0
37	2626	1
2	2627	1
31	2628	1
29	2629	1
16	2630	1
5	2631	1
2	2632	1
14	2632	1
16	2632	1
29	2632	1
31	2632	0
22	2633	1
28	2634	1
17	2635	1
34	2635	0
10	2636	1
14	2636	1
3	2637	1
32	2637	1
39	2637	1
2	2638	1
4	2638	1
10	2638	1
34	2638	1
2	2639	0
20	2639	1
6	2640	1
34	2640	1
8	2641	0
16	2641	0
10	2642	0
21	2642	1
28	2642	1
19	2643	1
20	2643	1
22	2643	1
28	2643	1
35	2643	1
0	2644	0
26	2645	1
28	2646	1
13	2647	1
14	2647	1
8	2648	1
17	2649	0
30	2649	0
0	2650	1
27	2650	0
32	2651	1
6	2652	1
9	2652	1
31	2652	0
36	2652	1
2	2653	1
8	2654	1
14	2654	1
18	2654	1
34	2654	0
36	2654	1
10	2655	1
17	2655	0
23	2656	1
27	2656	0
35	2657	1
28	2658	1
36	2658	1
8	2659	1
29	2659	1
21	2660	1
29	2660	1
20	2661	1
36	2661	1
24	2662	1
38	2662	1
8	2663	0
9	2663	1
20	2664	0
21	2664	1
31	2664	0
1	2665	1
3	2666	0
9	2666	1
17	2666	1
19	2666	1
24	2666	1
28	2667	1
20	2668	0
36	2668	1
39	2668	1
2	2669	1
19	2669	1
38	2669	1
2	2670	1
3	2670	1
29	2670	1
34	2671	1
11	2672	1
9	2673	1
24	2673	1
7	2674	1
20	2675	1
23	2675	1
24	2675	0
28	2675	1
32	2675	1
29	2676	1
1	2677	1
14	2678	1
31	2678	1
6	2679	0
7	2679	1
8	2679	1
13	2679	1
23	2679	1
31	2679	1
6	2680	1
7	2680	1
31	2681	1
36	2681	0
4	2682	1
31	2683	1
3	2684	1
4	2685	1
14	2685	0
31	2686	1
14	2687	1
16	2687	0
29	2687	1
34	2687	1
37	2687	0
10	2688	1
13	2688	1
29	2688	1
8	2689	1
17	2689	1
1	2690	0
4	2690	1
10	2690	1
39	2690	1
0	2691	1
9	2691	0
0	2692	1
9	2692	1
39	2692	0
16	2693	1
18	2693	1
39	2693	1
32	2694	1
16	2695	1
32	2695	1
21	2696	1
20	2697	1
21	2698	1
22	2698	0
23	2698	1
4	2699	0
16	2699	1
17	2699	0
4	2700	0
1	2701	0
30	2701	1
32	2701	1
1	2702	1
8	2702	1
18	2702	1
22	2702	1
31	2702	1
2	2703	1
24	2703	0
6	2704	1
28	2704	1
29	2704	1
3	2705	1
28	2705	1
8	2706	1
17	2706	1
24	2706	1
27	2706	0
8	2707	1
10	2707	1
19	2707	1
28	2707	1
39	2707	1
37	2708	1
39	2708	1
34	2709	1
3	2710	1
8	2710	1
14	2710	0
16	2710	0
23	2710	1
39	2710	1
9	2711	1
39	2711	1
28	2712	0
0	2713	1
2	2713	1
9	2713	1
13	2713	1
5	2714	1
38	2714	1
16	2715	1
27	2715	1
32	2716	1
17	2717	1
22	2718	0
23	2718	1
34	2718	1
30	2719	1
38	2720	0
10	2721	1
13	2721	1
31	2721	1
13	2722	1
23	2722	0
10	2723	1
12	2723	1
14	2724	0
31	2724	1
32	2724	1
0	2725	1
1	2725	1
14	2725	0
17	2725	1
21	2725	1
23	2725	1
5	2726	1
29	2726	1
39	2726	1
23	2727	0
4	2728	1
10	2728	1
16	2728	1
23	2728	0
36	2728	0
20	2729	1
6	2730	1
30	2730	0
37	2731	1
2	2732	1
7	2733	1
10	2734	1
12	2735	1
28	2735	0
36	2735	1
8	2736	1
28	2736	0
17	2737	0
23	2737	1
38	2737	1
9	2738	1
17	2738	1
23	2738	1
36	2738	1
39	2738	1
6	2739	1
12	2739	1
17	2739	1
36	2739	1
11	2740	1
2	2741	1
6	2741	1
17	2742	1
4	2743	1
9	2743	1
21	2743	1
27	2744	1
8	2745	1
9	2745	1
36	2745	1
35	2746	0
36	2746	1
15	2747	1
31	2748	0
6	2749	1
15	2749	1
19	2749	1
30	2749	0
11	2750	1
8	2751	1
9	2751	0
22	2752	1
35	2753	0
20	2754	1
29	2754	1
34	2754	1
39	2754	0
23	2755	1
10	2756	1
13	2756	1
16	2756	0
35	2756	1
32	2757	1
31	2758	0
34	2758	1
36	2758	1
39	2758	1
0	2759	1
24	2759	1
1	2760	1
19	2760	1
0	2761	1
30	2761	1
16	2762	1
23	2762	1
36	2762	0
7	2763	0
39	2764	1
13	2765	0
22	2765	0
2	2766	1
34	2766	0
18	2767	0
28	2767	1
32	2767	1
12	2768	0
36	2768	1
37	2768	1
8	2769	1
27	2769	1
35	2769	1
0	2770	1
34	2770	1
36	2770	1
4	2771	1
10	2771	0
27	2771	0
35	2771	1
9	2772	0
34	2772	1
1	2773	0
32	2773	1
14	2774	1
32	2774	1
34	2774	1
6	2775	1
14	2775	1
17	2776	1
2	2777	1
9	2777	1
22	2777	1
39	2777	1
12	2778	1
31	2778	1
8	2779	1
5	2780	1
17	2780	0
26	2780	0
0	2781	1
6	2781	1
10	2782	0
37	2782	1
6	2783	1
8	2784	1
10	2784	0
23	2784	1
11	2785	1
19	2786	1
28	2786	1
30	2786	0
31	2786	1
24	2787	1
1	2788	1
12	2788	0
20	2789	1
23	2789	1
34	2789	0
7	2790	1
14	2790	1
18	2790	1
1	2791	1
28	2791	0
10	2792	1
1	2793	1
7	2794	0
4	2795	1
17	2795	1
6	2796	1
30	2796	0
29	2797	1
5	2798	1
16	2798	1
23	2798	1
30	2798	1
39	2798	1
27	2799	1
37	2799	1
1	2800	0
14	2800	1
18	2800	1
20	2801	1
29	2801	0
23	2802	1
39	2802	1
27	2803	0
18	2804	0
12	2805	1
20	2806	1
27	2806	0
31	2806	0
35	2806	0
39	2806	1
9	2807	1
34	2807	0
0	2808	0
10	2809	0
27	2810	0
28	2810	1
39	2811	1
9	2812	1
20	2812	1
3	2813	0
21	2813	1
22	2813	1
16	2814	1
12	2815	1
16	2815	1
23	2815	1
29	2815	1
38	2815	1
6	2816	1
1	2817	0
12	2817	1
35	2817	1
33	2818	1
3	2819	1
39	2819	0
23	2820	1
8	2821	1
13	2821	0
35	2821	0
9	2822	1
23	2822	1
30	2822	1
31	2822	0
2	2823	0
13	2823	1
17	2823	0
21	2823	1
13	2824	1
10	2825	1
31	2825	1
35	2825	1
1	2826	1
24	2826	0
1	2827	0
16	2828	1
19	2828	1
1	2829	1
15	2829	1
17	2829	1
27	2830	1
27	2831	1
28	2832	1
10	2833	1
6	2834	1
20	2834	1
28	2834	1
20	2835	1
28	2836	1
23	2837	1
30	2837	1
34	2837	1
32	2838	1
39	2838	1
36	2839	1
5	2840	1
34	2841	1
14	2842	1
34	2842	1
27	2843	0
6	2844	1
23	2844	1
27	2844	0
38	2844	1
12	2845	1
19	2845	1
20	2845	1
6	2846	1
38	2846	1
24	2847	1
1	2848	0
12	2849	0
37	2849	1
4	2850	0
8	2850	1
29	2850	1
34	2850	1
0	2851	1
1	2851	0
5	2851	1
13	2851	1
20	2851	0
21	2852	1
17	2853	0
10	2854	1
18	2854	1
27	2854	1
35	2854	1
13	2855	1
36	2855	1
38	2856	1
29	2857	1
15	2858	1
20	2858	1
38	2858	1
5	2859	1
16	2860	1
21	2860	0
39	2860	1
25	2861	1
10	2862	1
27	2862	1
31	2863	1
34	2863	1
36	2863	1
9	2864	0
8	2865	1
9	2865	1
31	2866	0
1	2867	1
14	2867	0
24	2867	1
26	2868	1
12	2869	0
1	2870	0
7	2870	0
21	2870	1
3	2871	1
0	2872	1
4	2872	1
17	2872	1
27	2872	0
30	2872	1
36	2872	1
38	2872	1
22	2873	1
23	2873	1
28	2873	1
30	2873	1
19	2874	1
23	2875	0
2	2876	0
29	2876	1
6	2877	1
14	2877	1
7	2878	1
7	2879	1
13	2879	1
24	2879	1
1	2880	0
36	2880	1
1	2881	1
4	2881	1
31	2881	1
10	2882	1
24	2882	1
29	2882	0
30	2882	1
1	2883	1
30	2883	1
7	2884	1
34	2884	0
35	2884	1
6	2885	1
9	2886	1
10	2886	0
1	2887	1
8	2887	1
20	2887	1
26	2887	0
32	2887	1
20	2888	1
26	2888	0
27	2888	0
29	2888	1
10	2889	1
34	2889	1
9	2890	1
19	2890	0
11	2891	0
11	2892	0
18	2892	0
27	2892	0
28	2892	1
6	2893	1
16	2893	1
23	2894	1
8	2895	1
29	2895	1
23	2896	1
29	2896	1
17	2897	1
21	2897	1
29	2897	1
7	2898	0
9	2898	1
15	2898	0
36	2898	1
29	2899	0
14	2900	1
20	2900	1
21	2900	1
36	2900	1
23	2901	1
13	2902	1
8	2903	1
21	2903	1
24	2904	1
27	2905	0
12	2906	1
6	2907	0
18	2907	0
6	2908	1
14	2908	0
18	2908	1
35	2909	0
37	2909	1
8	2910	1
35	2910	1
39	2910	1
27	2911	0
1	2912	1
9	2912	1
15	2912	1
18	2912	1
8	2913	1
12	2914	1
13	2914	1
22	2914	1
13	2915	1
36	2916	1
39	2917	1
1	2918	0
2	2918	0
4	2918	1
6	2918	1
31	2918	1
34	2918	1
1	2919	0
19	2919	1
39	2919	1
4	2920	1
21	2920	1
34	2921	0
9	2922	1
13	2922	1
16	2922	0
17	2922	1
19	2922	0
31	2922	0
12	2923	1
32	2923	0
39	2923	1
6	2924	0
14	2925	0
18	2925	0
7	2926	1
14	2926	0
17	2927	1
27	2927	0
22	2928	1
4	2929	1
18	2930	1
27	2930	1
34	2931	1
34	2932	1
19	2933	1
36	2934	1
28	2935	1
37	2935	1
34	2936	1
20	2937	0
38	2937	1
9	2938	1
17	2938	1
30	2939	1
28	2940	1
9	2941	1
12	2941	1
17	2941	1
20	2941	1
36	2941	1
7	2942	1
10	2942	1
20	2942	1
39	2942	1
6	2943	1
7	2943	1
23	2943	1
30	2943	1
34	2943	0
1	2944	1
9	2944	0
22	2944	1
1	2945	1
18	2945	1
22	2945	0
14	2946	1
13	2947	0
34	2947	0
24	2948	1
32	2949	1
8	2950	0
15	2950	1
31	2950	0
34	2950	1
16	2951	0
19	2951	1
29	2951	1
4	2952	1
12	2952	1
15	2952	1
27	2952	1
17	2953	0
36	2953	1
17	2954	1
36	2954	1
0	2955	1
7	2955	0
32	2955	1
34	2956	1
12	2957	1
2	2958	0
13	2958	0
21	2958	1
10	2959	1
11	2959	1
36	2959	1
39	2959	1
0	2960	1
6	2960	1
16	2961	1
39	2962	1
14	2963	0
22	2963	1
14	2964	1
8	2965	1
13	2965	0
29	2965	1
12	2966	0
14	2966	1
28	2967	1
3	2968	1
17	2968	0
23	2969	1
35	2970	0
10	2971	0
16	2971	1
17	2971	1
36	2971	1
1	2972	1
6	2972	1
9	2972	0
4	2973	1
17	2973	1
20	2973	0
31	2973	1
10	2974	1
17	2974	1
3	2975	0
30	2975	1
31	2975	1
1	2976	1
6	2976	1
13	2976	1
29	2976	1
39	2976	1
0	2977	1
10	2978	1
19	2978	1
27	2978	1
13	2979	1
22	2980	1
13	2981	1
28	2981	1
34	2981	1
35	2981	1
6	2982	0
8	2982	1
9	2982	1
20	2983	1
30	2983	1
31	2983	1
27	2984	0
6	2985	1
9	2985	1
17	2985	0
32	2986	1
34	2987	0
1	2988	1
12	2988	0
30	2989	1
39	2989	1
9	2990	0
17	2990	0
20	2990	1
22	2990	0
21	2991	1
5	2992	1
31	2993	1
6	2994	0
24	2994	0
17	2995	1
39	2995	1
19	2996	1
23	2997	1
1	2998	0
12	2998	0
20	2998	1
9	2999	1
38	2999	1
22	3000	0
35	3000	1
14	3001	1
17	3001	0
1	3002	0
34	3002	1
36	3002	1
39	3002	1
6	3003	1
20	3003	1
27	3003	0
23	3004	1
38	3004	1
33	3005	0
36	3005	1
39	3005	1
1	3006	1
13	3006	1
12	3007	1
22	3008	1
29	3008	1
32	3008	1
8	3009	1
22	3009	1
15	3010	0
1	3011	1
4	3011	1
9	3012	1
17	3012	1
23	3012	1
30	3012	1
34	3012	1
20	3013	1
8	3014	1
4	3015	1
20	3015	1
36	3015	1
9	3016	1
11	3016	1
12	3016	1
29	3016	0
1	3017	1
36	3017	1
4	3018	1
13	3019	1
15	3019	1
34	3019	1
36	3019	1
2	3020	1
10	3020	1
17	3021	1
23	3021	1
18	3022	1
6	3023	1
2	3024	1
16	3024	1
34	3024	1
1	3025	1
4	3025	1
18	3025	1
28	3025	1
8	3026	1
16	3026	1
22	3026	1
34	3026	1
36	3026	1
6	3027	0
34	3027	0
2	3028	1
5	3028	1
35	3028	1
21	3029	1
6	3030	1
34	3030	1
6	3031	1
19	3031	0
22	3031	1
2	3032	1
10	3032	1
19	3032	1
31	3032	1
1	3033	0
27	3033	1
27	3034	0
31	3034	0
24	3035	1
8	3036	1
10	3036	1
14	3036	1
28	3036	1
29	3036	1
35	3037	1
30	3038	1
30	3039	1
9	3040	1
13	3040	1
6	3041	1
23	3041	0
30	3041	1
32	3041	0
34	3041	1
3	3042	1
23	3042	1
31	3042	1
3	3043	1
19	3043	0
9	3044	1
20	3044	1
18	3045	1
10	3046	0
20	3046	0
0	3047	1
13	3047	1
17	3047	1
16	3048	1
17	3048	0
22	3048	1
39	3048	0
1	3049	1
30	3050	1
10	3051	1
27	3051	0
28	3051	1
35	3052	1
4	3053	1
23	3053	1
13	3054	1
17	3054	0
28	3055	0
29	3056	1
36	3056	1
39	3056	1
28	3057	1
34	3057	1
6	3058	1
9	3058	0
23	3059	1
38	3060	1
17	3061	1
2	3062	1
7	3062	0
13	3062	1
14	3062	1
15	3062	1
7	3063	1
22	3063	1
28	3063	1
39	3063	1
6	3064	1
1	3065	1
8	3065	1
28	3065	1
30	3065	1
13	3066	1
22	3066	1
34	3066	1
35	3066	1
20	3067	1
35	3067	1
10	3068	1
13	3068	1
14	3068	1
34	3068	1
16	3069	1
34	3069	1
35	3069	1
39	3069	1
1	3070	1
8	3070	1
18	3071	1
2	3072	1
17	3073	1
31	3074	0
16	3075	1
34	3075	0
1	3076	1
21	3076	1
34	3076	0
6	3077	1
9	3077	0
16	3077	1
31	3077	0
8	3078	1
5	3079	1
10	3079	1
17	3079	1
23	3079	0
24	3079	1
30	3079	1
1	3080	0
13	3080	1
16	3080	1
18	3080	1
20	3080	0
21	3080	1
27	3081	1
3	3082	0
8	3082	1
35	3082	0
6	3083	1
23	3083	1
28	3083	0
31	3083	0
8	3084	1
27	3084	1
20	3085	1
28	3085	1
8	3086	1
6	3087	1
29	3087	1
31	3087	1
21	3088	1
24	3089	1
1	3090	1
10	3091	1
18	3091	1
1	3092	1
20	3092	1
38	3092	1
8	3093	1
37	3093	1
35	3094	1
8	3095	1
21	3095	1
13	3096	1
29	3097	1
32	3097	1
2	3098	0
4	3098	1
6	3098	1
39	3098	1
10	3099	1
36	3099	0
2	3100	1
22	3100	1
23	3100	0
31	3100	0
34	3101	1
8	3102	1
16	3102	0
20	3102	1
29	3102	1
16	3103	1
17	3103	1
23	3103	1
35	3103	1
8	3104	1
11	3104	0
22	3104	1
27	3104	0
29	3104	1
1	3105	1
2	3105	0
9	3105	1
10	3106	0
16	3106	1
20	3106	1
4	3107	1
9	3107	0
17	3107	1
21	3107	1
4	3108	1
20	3108	1
23	3108	1
31	3108	1
10	3109	1
29	3110	1
30	3111	1
17	3112	1
21	3112	1
36	3112	1
2	3113	1
16	3113	1
37	3113	1
39	3113	1
28	3114	1
0	3115	0
14	3115	1
39	3115	1
20	3116	1
9	3117	1
23	3117	1
14	3118	1
38	3118	1
6	3119	1
2	3120	1
4	3120	1
23	3120	1
36	3120	1
0	3121	1
0	3122	1
28	3122	1
30	3122	1
37	3122	1
18	3123	1
20	3124	1
28	3124	1
31	3124	1
38	3124	1
3	3125	1
10	3125	1
13	3125	1
35	3125	0
16	3126	1
31	3126	1
6	3127	1
22	3128	1
16	3129	1
23	3129	0
39	3129	1
1	3130	1
17	3130	1
18	3130	1
27	3130	1
30	3130	1
34	3130	1
16	3131	1
27	3132	0
13	3133	1
18	3133	1
23	3133	1
35	3133	1
26	3134	0
30	3134	1
1	3135	1
8	3135	1
20	3135	1
24	3135	0
8	3136	1
18	3136	1
1	3137	0
27	3137	1
36	3137	1
38	3138	1
4	3139	1
13	3140	0
6	3141	1
8	3141	0
18	3141	1
20	3141	1
22	3141	1
34	3141	1
2	3142	1
6	3142	1
23	3142	1
10	3143	1
14	3143	1
17	3143	1
12	3144	0
34	3144	1
2	3145	1
18	3146	1
17	3147	1
18	3147	0
14	3148	1
22	3148	0
27	3148	0
23	3149	1
10	3150	0
15	3150	1
19	3150	1
23	3150	1
8	3151	1
20	3151	1
28	3151	0
4	3152	0
6	3152	1
16	3152	1
37	3153	1
10	3154	0
19	3154	1
20	3154	1
24	3154	1
10	3155	0
19	3156	1
20	3156	1
29	3156	1
30	3156	1
3	3157	1
20	3157	1
23	3157	0
35	3157	1
28	3158	1
5	3159	1
1	3160	1
13	3160	1
23	3160	1
2	3161	1
34	3161	0
0	3162	1
5	3162	1
8	3162	0
9	3162	1
30	3162	1
19	3163	1
23	3164	1
22	3165	1
2	3166	1
14	3167	1
23	3167	0
16	3168	1
21	3168	1
37	3169	0
38	3169	1
28	3170	1
29	3170	1
2	3171	1
17	3171	1
28	3172	1
32	3172	1
38	3172	1
24	3173	1
36	3173	1
18	3174	1
23	3174	1
31	3174	1
11	3175	1
16	3175	1
27	3176	1
29	3176	0
13	3177	0
18	3177	1
23	3177	1
29	3177	0
39	3177	1
5	3178	0
8	3178	0
15	3178	0
14	3179	1
21	3179	1
22	3179	0
22	3180	0
27	3181	1
29	3181	1
1	3182	1
15	3182	1
26	3182	0
31	3182	1
2	3183	1
20	3184	1
22	3184	1
31	3184	0
3	3185	0
7	3186	1
13	3187	0
21	3187	1
36	3187	1
3	3188	1
34	3188	1
35	3188	1
2	3189	1
30	3189	1
1	3190	0
18	3191	0
14	3192	1
30	3193	1
18	3194	1
19	3194	1
3	3195	1
10	3195	1
34	3195	1
