7	0	0
30	0	2
1	1	0
24	2	0
0	3	0
17	3	0
33	3	2
36	3	3
7	4	0
16	4	0
31	5	1
30	6	0
6	7	2
38	8	0
11	9	0
9	10	0
10	10	0
11	11	2
14	11	0
38	11	2
8	12	0
8	13	0
15	13	0
31	13	0
0	14	0
32	15	0
38	15	0
3	16	0
8	16	0
12	16	0
14	16	0
31	16	2
1	17	0
5	18	2
31	18	0
36	19	0
0	20	1
28	20	1
20	21	0
21	22	0
3	23	0
14	24	0
4	25	0
31	26	3
8	27	0
20	27	0
21	27	0
1	28	0
35	28	1
11	29	1
10	30	0
12	30	0
21	30	0
31	30	0
14	31	3
30	32	1
1	33	0
38	34	0
3	35	1
36	35	0
21	36	0
8	37	0
18	37	2
22	37	0
3	38	0
5	39	0
11	39	0
18	39	0
19	39	0
22	39	0
11	40	0
8	41	0
33	42	0
6	43	0
13	43	2
17	43	0
9	44	2
31	45	0
36	46	0
37	46	0
6	47	0
10	47	0
13	47	0
14	47	0
3	48	0
21	49	0
13	50	0
17	50	0
4	51	0
21	52	0
28	52	0
18	53	3
7	54	2
39	54	0
20	55	0
3	56	1
21	56	3
34	56	0
11	57	0
17	57	0
31	57	0
3	58	0
12	58	1
37	59	0
13	60	1
26	61	0
37	62	2
30	63	0
30	64	0
6	65	0
17	66	0
14	67	0
17	67	0
34	67	0
13	68	0
14	68	0
13	69	2
11	70	0
31	70	2
29	71	0
17	72	3
24	72	0
31	73	0
39	73	0
36	74	0
1	75	0
16	75	0
28	75	2
8	76	0
38	76	0
21	77	0
16	78	0
3	79	0
34	79	0
30	80	0
5	81	1
17	81	0
35	81	0
7	82	0
35	82	0
24	83	1
3	84	0
33	84	0
18	85	0
35	85	2
20	86	0
31	86	2
13	87	0
35	87	0
30	88	0
14	89	0
18	90	0
30	90	0
32	91	0
24	92	0
8	93	1
18	93	0
37	93	0
7	94	0
21	94	2
36	95	0
12	96	2
39	96	0
3	97	3
31	97	0
0	98	0
36	98	0
2	99	0
6	99	0
31	99	0
32	99	0
34	99	0
37	99	0
26	100	0
33	100	0
8	101	1
16	101	0
18	101	0
1	102	0
3	102	0
6	102	0
31	102	2
30	103	0
38	103	0
24	104	0
2	105	3
17	105	0
35	105	0
10	106	0
14	106	0
8	107	1
31	108	0
7	109	2
8	110	0
9	111	0
31	112	0
1	113	0
5	113	1
8	113	0
20	113	0
10	114	0
32	114	0
19	115	0
1	116	0
20	116	0
33	116	0
35	117	0
7	118	0
18	119	1
35	119	0
37	119	0
8	120	3
31	120	0
24	121	2
35	122	0
7	123	0
11	123	0
18	123	0
38	123	0
27	124	0
7	125	0
8	125	0
30	126	0
0	127	0
36	127	0
24	128	0
30	128	0
13	129	1
28	129	2
37	129	0
7	130	0
37	130	0
9	131	0
26	131	2
35	131	0
37	131	0
8	132	0
26	132	0
7	133	2
35	133	3
3	134	0
4	134	3
21	134	1
34	134	0
35	135	0
21	136	0
31	136	0
21	137	2
30	137	0
36	137	0
31	138	0
37	138	3
39	138	0
31	139	0
34	139	0
8	140	0
13	140	0
22	140	0
34	140	0
2	141	3
6	141	0
7	141	0
0	142	0
14	142	0
39	143	0
11	144	0
16	144	0
21	145	0
10	146	0
21	147	0
13	148	0
30	148	3
3	149	0
26	149	0
35	149	0
0	150	0
28	150	0
14	151	0
15	152	0
26	152	0
28	153	0
37	154	0
8	155	0
26	155	0
11	156	3
17	156	0
20	156	1
16	157	0
26	157	0
34	157	0
35	157	0
37	157	0
13	158	0
36	158	0
4	159	0
13	159	0
37	160	3
15	161	0
14	162	0
17	162	0
34	162	0
13	163	0
14	163	0
19	163	0
26	163	0
3	164	3
11	164	0
32	164	0
33	164	0
3	165	1
18	165	0
21	166	3
22	166	0
32	166	0
26	167	0
13	168	0
25	169	0
13	170	0
18	170	2
28	170	0
30	170	0
2	171	0
11	171	0
36	172	0
11	173	0
25	173	0
5	174	3
17	174	0
36	175	0
5	176	0
32	176	3
12	177	0
35	177	0
1	178	0
8	178	0
13	179	0
5	180	0
1	181	0
17	181	0
14	182	0
37	183	3
13	184	2
32	184	0
9	185	0
28	186	0
21	187	0
8	188	0
10	188	2
13	189	0
31	189	3
7	190	3
12	191	0
28	192	1
3	193	2
10	193	0
18	193	0
10	194	0
37	194	0
1	195	0
9	195	0
30	195	0
1	196	0
7	196	0
25	197	2
22	198	0
11	199	0
28	200	3
3	201	0
12	201	0
30	201	1
7	202	1
31	202	0
10	203	0
36	203	0
10	204	0
13	204	0
14	204	0
8	205	0
11	205	0
17	205	3
30	205	2
31	206	0
1	207	2
13	207	0
5	208	0
12	208	0
14	208	3
36	208	1
3	209	2
7	209	1
14	209	0
20	209	0
8	210	0
11	210	0
33	210	2
21	211	0
21	212	0
2	213	0
20	213	0
11	214	0
25	215	3
3	216	0
31	217	0
37	217	1
5	218	3
19	218	0
20	218	0
30	218	0
6	219	1
31	219	0
5	220	0
20	220	1
33	221	2
14	222	0
32	222	0
4	223	3
17	223	0
1	224	0
5	224	0
36	224	2
14	225	0
39	225	3
36	226	0
1	227	1
12	227	1
17	228	0
30	228	0
7	229	0
37	229	0
18	230	0
28	230	2
21	231	2
8	232	1
21	232	1
5	233	1
13	233	3
39	234	0
14	235	0
22	235	1
38	235	0
1	236	2
4	237	0
9	237	0
38	237	0
1	238	0
22	238	0
35	238	0
0	239	1
7	239	2
28	239	1
20	240	3
26	241	1
30	241	3
32	241	1
31	242	1
32	242	3
26	243	0
4	244	0
13	244	0
21	244	0
8	245	1
13	245	3
35	246	0
38	246	0
0	247	0
14	247	0
17	247	0
26	247	0
36	247	0
21	248	0
33	249	0
6	250	0
37	250	1
14	251	0
17	251	3
33	251	2
38	252	0
7	253	0
11	253	0
26	253	0
37	253	0
33	254	1
7	255	0
14	255	0
34	256	0
7	257	1
16	257	1
31	257	1
3	258	1
28	258	0
37	258	0
31	259	3
3	260	1
10	260	1
21	260	1
32	260	1
1	261	0
8	261	0
15	261	0
2	262	0
13	262	0
9	263	1
31	263	1
1	264	0
12	264	0
27	265	1
3	266	3
4	266	1
17	266	1
33	266	2
10	267	3
14	267	0
20	268	3
30	268	1
18	269	1
39	270	0
5	271	0
17	271	2
26	271	0
30	271	1
28	272	0
30	272	0
11	273	2
17	273	0
36	273	0
6	274	0
7	274	0
30	274	3
22	275	0
32	275	0
1	276	0
3	276	0
8	276	0
10	276	0
22	277	0
5	278	0
14	279	0
38	279	0
21	280	0
34	280	0
35	280	3
5	281	1
6	281	1
21	281	1
38	282	0
3	283	1
12	283	0
32	283	1
8	284	1
19	285	1
11	286	1
32	286	1
33	286	2
37	287	1
3	288	0
8	288	3
28	289	0
7	290	3
12	290	1
32	290	0
1	291	0
8	291	0
21	292	1
32	292	1
18	293	3
34	293	1
3	294	0
28	294	0
31	295	1
7	296	1
34	297	0
6	298	1
14	298	0
17	299	0
10	300	0
13	300	3
31	301	0
12	302	2
13	303	0
22	303	0
32	303	0
36	303	0
4	304	0
37	305	0
7	306	0
17	306	3
36	306	0
8	307	2
11	308	1
21	308	1
0	309	0
24	309	2
0	310	1
14	311	2
17	311	0
30	311	1
22	312	0
13	313	2
20	313	2
21	314	1
3	315	1
0	316	0
3	317	1
8	317	2
13	317	1
37	317	1
5	318	0
17	318	2
34	318	0
26	319	1
30	319	1
33	319	1
34	319	1
6	320	1
32	321	0
7	322	1
21	322	1
26	323	1
30	323	1
1	324	0
3	324	0
30	324	2
32	324	3
36	324	0
8	325	0
17	325	3
19	325	1
31	326	0
34	327	1
3	328	0
24	328	0
17	329	3
2	330	2
5	330	0
35	331	3
0	332	0
14	332	2
34	332	3
4	333	2
14	333	0
22	333	0
30	334	0
0	335	1
4	336	1
14	337	0
28	337	0
33	337	0
35	337	2
5	338	1
13	338	0
6	339	0
1	340	1
35	340	1
13	341	1
20	341	1
34	341	1
3	342	0
18	343	3
20	344	0
28	344	0
2	345	1
16	345	2
28	345	0
12	346	0
13	346	0
13	347	1
38	347	1
2	348	3
14	349	1
36	349	1
14	350	1
38	350	1
18	351	0
1	352	2
7	352	0
37	352	0
11	353	0
13	353	0
16	353	0
31	354	0
7	355	0
8	355	0
16	355	0
4	356	3
31	356	0
35	356	0
1	357	0
11	357	1
22	357	0
38	357	0
10	358	0
21	358	0
38	359	0
21	360	0
27	361	0
7	362	1
21	362	1
11	363	0
16	363	0
21	363	0
11	364	0
20	365	1
20	366	0
30	366	1
7	367	1
30	367	3
1	368	1
7	368	1
3	369	2
16	369	2
26	369	0
11	370	0
36	370	0
24	371	1
10	372	0
14	372	0
31	372	0
37	372	0
5	373	1
13	373	1
31	373	1
34	373	1
37	373	1
10	374	1
21	374	1
32	374	1
11	375	3
21	375	0
33	375	0
34	375	0
37	375	0
34	376	1
1	377	1
11	377	3
21	377	1
18	378	3
6	379	2
39	379	0
26	380	0
14	381	0
33	381	0
30	382	1
37	382	0
30	383	0
32	383	0
15	384	2
21	384	0
38	384	1
12	385	0
14	385	0
21	386	0
31	386	0
7	387	0
14	387	0
26	387	0
35	388	0
9	389	1
7	390	0
37	390	0
30	391	1
8	392	1
18	392	2
22	392	1
5	393	0
11	393	0
28	393	0
23	394	2
0	395	1
13	395	1
13	396	0
21	396	0
3	397	0
34	397	0
5	398	1
34	398	1
1	399	2
14	399	0
11	400	1
18	400	1
20	400	1
20	401	2
38	402	2
8	403	1
38	404	1
8	405	2
31	405	0
39	405	1
11	406	0
20	406	2
34	406	3
38	406	0
32	407	0
34	407	0
16	408	0
22	408	0
31	408	1
12	409	2
35	409	0
7	410	0
21	410	1
33	411	0
37	411	0
18	412	3
7	413	0
37	413	2
3	414	3
6	414	0
34	415	0
0	416	1
6	417	1
18	418	1
15	419	1
0	420	0
5	420	0
7	420	0
12	420	0
16	420	0
31	420	0
34	420	0
38	420	0
9	421	1
31	421	1
37	421	1
32	422	1
33	422	1
0	423	1
8	424	0
21	424	1
1	425	3
3	425	1
31	425	1
4	426	2
22	427	1
12	428	1
37	429	2
3	430	2
16	430	1
26	431	1
13	432	2
28	432	0
13	433	0
31	433	0
38	433	0
11	434	0
38	434	0
8	435	0
14	435	2
2	436	0
5	436	0
34	436	0
35	436	0
2	437	0
28	437	0
1	438	0
2	438	0
35	438	0
21	439	0
24	439	0
30	439	0
35	439	0
12	440	0
1	441	0
32	442	2
28	443	0
8	444	1
26	444	0
35	444	0
11	445	0
38	445	0
3	446	2
31	447	0
0	448	0
0	449	0
32	449	0
35	449	0
16	450	0
37	451	0
1	452	0
8	452	0
17	452	1
8	453	0
31	453	2
3	454	1
8	454	0
30	454	0
30	455	0
0	456	0
30	456	0
1	457	0
2	457	1
1	458	2
34	459	2
10	460	0
16	461	0
6	462	0
8	462	1
10	462	0
12	462	0
21	462	0
0	463	3
0	464	3
21	464	3
8	465	0
17	465	2
31	465	0
35	465	0
16	466	2
28	466	0
8	467	2
20	467	2
33	467	0
10	468	0
14	469	0
20	469	2
2	470	0
13	470	3
1	471	0
20	472	0
10	473	2
28	473	0
3	474	2
6	474	0
36	474	0
5	475	0
13	476	0
38	476	0
21	477	0
38	477	0
26	478	0
30	478	0
34	478	3
7	479	0
35	479	0
37	479	0
38	479	0
1	480	0
36	480	0
37	480	0
31	481	1
35	481	0
38	481	0
7	482	0
14	482	2
31	482	1
1	483	0
6	483	0
18	483	0
36	483	3
37	483	0
13	484	0
22	484	0
34	484	2
38	484	0
6	485	0
35	485	0
7	486	0
31	486	1
19	487	3
22	488	3
32	488	0
38	488	3
1	489	0
13	489	3
35	489	1
36	489	0
11	490	3
0	491	0
6	492	3
12	492	0
28	492	0
36	492	0
0	493	0
32	493	0
0	494	0
35	494	0
36	494	0
38	494	0
7	495	0
13	495	0
17	495	0
36	495	0
39	495	0
20	496	0
31	496	0
35	496	0
31	497	0
36	497	0
38	497	0
35	498	0
35	499	0
7	500	0
1	501	2
7	501	0
11	502	2
13	502	1
14	502	0
26	502	0
28	502	1
7	503	0
28	503	0
33	503	0
21	504	0
35	504	0
39	504	0
7	505	0
0	506	0
7	506	1
21	506	2
8	507	0
9	507	0
31	507	0
35	507	0
32	508	0
23	509	0
3	510	0
20	511	0
33	512	2
18	513	0
28	513	0
37	513	0
39	513	3
14	514	0
4	515	0
26	515	0
0	516	0
13	516	3
22	516	0
28	516	1
31	517	0
32	517	2
35	517	0
15	518	0
17	518	1
28	518	0
3	519	0
17	519	0
21	519	0
37	519	0
2	520	0
19	520	0
21	520	1
38	521	0
2	522	0
7	522	0
8	522	2
31	522	0
38	522	0
5	523	0
20	523	0
30	523	2
28	524	0
38	525	0
27	526	0
6	527	0
16	527	0
21	528	0
37	528	3
20	529	3
8	530	0
35	531	0
37	531	0
1	532	0
14	532	0
17	532	2
12	533	3
20	533	1
28	533	0
28	534	0
9	535	0
23	535	0
32	535	1
36	535	2
7	536	1
28	536	0
0	537	0
12	537	0
34	537	0
1	538	0
30	538	0
12	539	3
1	540	0
11	540	0
5	541	0
18	542	0
34	543	0
18	544	1
35	544	0
10	545	0
11	545	0
13	545	0
22	546	0
3	547	0
5	548	0
3	549	3
33	549	0
20	550	0
21	550	0
17	551	1
14	552	0
26	552	0
7	553	3
21	553	0
22	553	0
11	554	1
14	554	1
20	554	1
26	554	1
1	555	0
4	555	0
5	555	0
30	555	0
19	556	3
12	557	1
12	558	3
35	558	0
30	559	0
31	559	0
39	559	0
7	560	0
8	560	0
13	560	3
21	560	0
30	561	1
21	562	1
35	562	0
12	563	1
21	563	1
20	564	0
32	564	0
3	565	1
4	565	1
7	565	1
21	565	0
0	566	1
16	566	1
17	566	1
14	567	0
17	568	0
7	569	1
1	570	0
30	570	0
35	570	0
5	571	2
21	571	0
18	572	1
20	572	0
2	573	0
31	573	0
17	574	0
22	574	0
18	575	0
25	575	1
30	575	0
8	576	0
0	577	0
21	577	0
21	578	1
32	578	1
15	579	0
2	580	0
8	580	0
13	581	1
22	581	1
34	581	1
7	582	3
14	583	1
21	583	2
5	584	0
20	584	1
21	584	1
7	585	0
32	585	0
14	586	0
25	587	1
5	588	0
10	588	0
14	588	0
17	588	0
32	588	0
22	589	1
35	589	1
6	590	2
4	591	0
11	591	0
26	591	0
31	592	2
32	593	0
7	594	0
10	594	0
8	595	0
11	595	0
10	596	0
21	597	1
26	597	0
24	598	0
33	599	1
5	600	1
10	600	0
11	600	0
14	600	0
17	600	0
37	601	2
5	602	3
8	603	0
28	603	3
36	603	0
1	604	0
4	604	3
32	604	0
0	605	1
13	605	1
35	606	0
18	607	3
1	608	1
20	608	1
26	608	1
31	608	1
36	608	1
13	609	2
30	609	3
13	610	1
24	610	1
35	611	1
0	612	2
7	613	0
18	613	0
8	614	1
13	614	0
11	615	0
24	615	0
9	616	2
18	617	1
33	617	2
3	618	3
13	618	0
35	618	0
5	619	1
6	620	2
8	620	1
17	620	1
20	620	0
5	621	0
20	621	2
30	621	2
38	621	0
6	622	0
10	622	0
13	622	0
30	622	2
8	623	0
13	624	0
35	624	0
9	625	0
11	625	3
14	625	0
36	625	0
15	626	0
11	627	0
35	627	0
3	628	1
32	628	2
31	629	0
11	630	0
17	630	0
20	630	0
32	630	0
37	630	0
30	631	0
4	632	2
20	632	1
28	632	1
36	632	1
2	633	2
3	633	1
3	634	1
18	634	0
20	634	1
9	635	1
31	635	1
32	635	0
5	636	3
7	637	1
34	637	1
17	638	3
38	638	1
6	639	0
13	639	0
33	640	0
28	641	1
37	641	1
8	642	0
11	643	1
20	643	1
26	644	1
31	645	0
34	645	2
11	646	2
36	646	1
35	647	1
4	648	0
36	648	0
0	649	0
22	650	1
1	651	0
13	651	0
21	651	0
33	652	0
11	653	1
13	653	0
1	654	0
3	654	0
6	654	0
12	654	0
35	654	0
22	655	2
36	655	0
14	656	0
30	656	1
36	656	0
1	657	0
37	657	3
7	658	0
8	658	0
13	659	1
15	659	1
32	660	0
36	661	0
13	662	1
0	663	0
11	664	1
12	664	1
20	664	3
33	664	2
9	665	3
3	666	0
20	666	0
39	666	1
7	667	0
8	667	0
21	667	0
0	668	0
5	668	0
8	668	0
12	668	2
20	669	0
21	669	0
8	670	1
32	670	2
35	670	2
3	671	1
16	671	1
37	672	1
28	673	1
33	673	1
14	674	1
16	674	1
0	675	0
9	676	0
14	676	0
21	676	0
30	676	1
21	677	3
26	677	0
7	678	0
13	678	0
11	679	1
15	679	0
32	679	0
7	680	0
13	680	0
32	680	1
2	681	0
2	682	0
5	682	0
11	682	0
21	682	1
26	682	0
30	682	0
35	682	0
7	683	0
11	683	0
12	683	0
32	683	0
38	683	0
21	684	0
11	685	0
14	685	0
22	685	2
38	685	3
12	686	3
4	687	0
22	688	0
2	689	3
7	689	1
30	689	1
32	689	1
1	690	0
36	690	0
7	691	1
13	691	0
14	691	1
4	692	1
5	692	0
4	693	0
8	693	0
20	694	2
7	695	1
1	696	0
5	696	1
14	696	0
21	696	0
26	696	0
34	696	2
17	697	1
30	698	1
20	699	0
32	699	2
34	700	1
36	700	1
3	701	2
16	701	1
20	701	1
13	702	3
15	702	0
7	703	0
14	703	2
32	703	0
20	704	0
21	704	0
31	705	0
36	705	0
21	706	0
8	707	3
17	707	0
24	707	0
32	707	0
2	708	0
3	708	0
7	709	0
11	709	2
26	709	3
37	709	0
11	710	3
8	711	3
20	712	0
37	713	1
19	714	0
2	715	2
5	715	0
19	715	2
9	716	1
0	717	0
21	717	0
10	718	1
30	718	1
6	719	3
7	719	1
1	720	0
17	720	0
20	720	0
17	721	0
35	721	3
38	722	3
7	723	0
33	723	0
17	724	3
31	724	1
33	724	1
34	724	1
9	725	1
10	726	0
22	726	0
13	727	1
39	727	0
28	728	1
1	729	0
35	729	0
37	730	2
28	731	0
33	731	0
8	732	2
38	732	1
6	733	0
10	733	0
14	733	0
17	733	0
19	733	0
37	734	2
28	735	0
17	736	1
1	737	0
14	737	0
25	737	0
2	738	2
21	738	0
13	739	0
8	740	1
12	740	3
16	740	1
22	740	1
30	740	1
21	741	1
31	742	0
6	743	1
8	743	1
13	743	1
5	744	0
21	744	0
33	744	0
35	744	0
12	745	1
35	745	1
39	745	0
2	746	2
3	746	1
6	747	3
33	747	1
35	748	0
13	749	0
25	749	1
37	749	1
26	750	0
35	750	0
30	751	1
30	752	1
0	753	0
22	753	0
26	753	0
37	753	2
12	754	1
13	754	2
11	755	1
26	755	1
35	755	1
10	756	0
35	756	0
13	757	1
22	757	0
7	758	0
14	758	3
18	759	0
14	760	0
24	760	0
34	760	0
20	761	0
26	761	1
12	762	3
13	763	3
6	764	0
9	764	0
28	764	0
30	764	2
34	765	0
38	765	0
1	766	0
17	767	1
32	767	1
7	768	0
11	769	2
16	769	0
35	769	0
34	770	1
8	771	0
18	771	3
33	771	1
14	772	1
20	773	1
21	773	1
31	773	1
8	774	0
35	774	3
10	775	0
6	776	1
28	776	0
4	777	3
6	777	0
20	777	0
22	777	0
37	777	3
21	778	0
30	778	0
38	778	0
30	779	1
26	780	2
20	781	1
30	781	2
33	782	1
34	782	1
18	783	0
14	784	0
32	784	1
34	784	2
11	785	1
39	785	3
1	786	0
25	787	0
34	788	0
38	788	0
7	789	2
21	789	0
22	789	1
28	789	0
33	789	0
22	790	0
36	790	0
35	791	0
7	792	0
14	793	0
32	793	0
37	793	0
13	794	2
7	795	0
14	795	0
3	796	0
16	796	3
37	796	3
32	797	1
35	797	1
11	798	0
14	798	0
17	798	0
22	799	1
21	800	1
36	801	0
1	802	0
14	802	0
36	802	0
38	802	0
4	803	0
21	803	1
31	803	1
14	804	2
18	804	1
20	804	0
6	805	1
7	805	0
14	805	1
37	805	1
1	806	1
3	806	1
7	806	1
11	806	1
26	806	1
9	807	0
1	808	1
5	808	3
8	809	1
26	809	1
8	810	1
17	810	0
34	810	2
1	811	0
9	811	2
21	812	0
2	813	2
10	813	0
18	813	3
37	813	1
8	814	0
11	814	0
31	814	3
1	815	2
13	815	2
7	816	0
8	816	1
38	817	0
8	818	0
14	819	0
26	819	0
31	819	2
7	820	3
8	820	0
39	821	1
9	822	0
30	823	2
32	823	3
7	824	3
8	825	0
13	825	0
38	825	0
39	825	0
15	826	1
22	826	1
30	827	1
4	828	0
22	829	0
20	830	1
30	831	0
38	831	0
14	832	3
30	833	1
33	833	1
7	834	0
32	835	2
5	836	1
8	836	1
17	836	1
14	837	0
36	837	0
39	838	0
0	839	0
20	839	0
35	839	0
21	840	0
1	841	0
14	841	0
20	841	0
30	841	0
3	842	0
10	842	0
17	843	0
18	843	3
12	844	0
3	845	0
9	846	0
12	846	0
20	846	2
26	846	0
34	846	0
3	847	0
17	847	0
5	848	1
30	849	0
6	850	1
30	850	1
19	851	1
1	852	0
3	852	0
16	852	0
31	852	0
35	852	1
2	853	1
11	853	1
28	853	1
38	854	2
20	855	1
34	855	1
38	855	0
36	856	2
14	857	1
24	857	1
30	857	1
8	858	0
13	858	0
30	858	0
3	859	1
26	859	1
36	860	1
10	861	0
11	862	1
17	862	2
1	863	1
8	863	1
34	863	1
36	863	1
30	864	0
12	865	0
38	865	1
14	866	0
32	866	0
37	866	0
5	867	0
26	867	0
27	868	0
20	869	0
7	870	0
20	871	0
21	871	1
38	872	0
8	873	0
35	873	0
7	874	0
34	874	0
37	875	1
21	876	0
0	877	0
9	878	3
13	878	0
35	878	2
5	879	0
21	879	0
30	879	0
1	880	1
28	880	1
38	880	1
21	881	1
20	882	0
11	883	0
13	884	3
36	884	0
4	885	0
18	885	0
32	886	0
20	887	1
32	888	0
37	888	2
1	889	1
34	889	1
9	890	2
11	890	1
15	890	1
37	890	2
25	891	2
19	892	0
1	893	0
13	893	0
26	893	1
14	894	0
38	894	0
5	895	1
26	895	0
38	895	0
14	896	2
21	896	0
11	897	0
21	897	0
37	897	0
13	898	0
18	898	0
8	899	0
10	899	2
13	899	0
16	899	0
20	900	0
37	900	0
31	901	0
14	902	0
26	902	1
14	903	0
20	904	0
30	904	0
36	904	3
38	904	0
1	905	1
30	906	0
28	907	1
35	907	0
36	907	1
38	907	1
8	908	1
11	908	0
17	908	2
20	908	1
32	909	0
32	910	0
36	910	0
38	910	0
14	911	1
18	911	1
27	911	1
30	911	3
11	912	0
10	913	0
36	914	1
36	915	0
33	916	1
37	916	1
8	917	0
28	917	1
35	917	1
1	918	1
31	919	1
32	919	3
34	920	1
8	921	0
13	921	0
32	921	0
33	922	0
30	923	0
35	923	1
38	923	0
17	924	0
7	925	0
11	925	3
13	925	0
25	926	1
28	926	0
31	926	0
0	927	0
9	927	0
10	927	0
1	928	0
5	928	0
5	929	2
30	929	1
34	929	1
36	929	1
2	930	0
12	930	2
1	931	1
28	931	1
31	931	1
32	931	0
1	932	1
18	932	3
3	933	0
23	933	3
31	933	0
13	934	1
30	934	1
18	935	1
20	935	1
36	935	1
30	936	0
38	936	0
3	937	0
35	937	0
13	938	0
18	938	1
13	939	0
17	939	0
18	939	1
20	940	3
35	940	0
21	941	1
31	941	3
33	941	1
13	942	0
16	942	0
38	943	0
4	944	1
5	944	1
7	944	1
7	945	2
32	945	0
7	946	0
1	947	0
14	947	0
2	948	0
13	948	0
20	949	1
1	950	0
15	950	0
22	950	0
31	950	0
10	951	0
10	952	0
11	952	0
28	952	0
32	953	0
38	953	0
7	954	0
14	954	0
31	954	0
33	954	0
4	955	0
14	955	1
18	956	1
21	956	2
38	956	2
7	957	0
16	957	0
5	958	3
12	958	3
31	958	1
36	958	1
5	959	1
36	960	0
3	961	1
7	961	1
39	961	1
1	962	1
7	962	1
25	962	2
31	962	1
36	962	1
12	963	1
18	964	0
39	965	1
2	966	0
24	967	1
35	967	0
5	968	1
7	968	1
7	969	0
34	969	0
36	969	0
1	970	1
13	971	1
14	971	1
38	971	2
3	972	0
20	972	1
31	972	0
32	972	0
7	973	0
11	974	0
21	975	0
0	976	0
1	977	0
21	977	0
38	977	1
21	978	0
32	978	1
33	978	0
39	978	0
5	979	0
14	979	0
33	979	0
14	980	0
15	980	0
39	980	0
12	981	0
14	981	0
17	981	0
5	982	0
30	982	1
36	982	0
3	983	1
39	984	0
8	985	0
13	985	3
1	986	1
8	986	1
1	987	0
21	987	3
35	987	0
8	988	2
10	988	1
31	988	1
32	988	1
34	988	1
18	989	2
35	989	1
38	989	1
6	990	3
21	990	2
36	990	0
32	991	0
37	991	0
13	992	0
12	993	3
14	994	0
37	995	1
8	996	0
33	997	1
1	998	1
5	998	1
7	998	1
26	998	2
28	999	0
19	1000	1
7	1001	0
28	1001	0
35	1001	0
38	1001	0
1	1002	0
5	1002	0
11	1002	0
20	1002	1
32	1002	0
34	1003	0
31	1004	0
36	1004	0
12	1005	0
5	1006	0
11	1006	0
14	1006	0
1	1007	0
3	1007	0
5	1008	0
13	1008	0
31	1008	0
7	1009	0
22	1009	0
34	1009	3
3	1010	1
4	1010	0
26	1010	1
37	1010	1
10	1011	0
20	1011	0
7	1012	0
18	1013	1
33	1013	1
34	1014	0
7	1015	1
36	1016	1
32	1017	2
13	1018	0
21	1018	3
31	1018	0
16	1019	1
30	1019	2
36	1020	0
38	1020	3
0	1021	1
33	1021	1
36	1021	1
28	1022	1
21	1023	3
30	1023	2
37	1023	0
7	1024	1
11	1024	2
26	1024	1
3	1025	3
4	1025	2
6	1025	1
17	1025	1
30	1025	0
3	1026	0
31	1026	2
1	1027	2
7	1027	0
20	1028	0
31	1028	3
34	1028	3
13	1029	2
22	1029	0
7	1030	0
33	1030	1
1	1031	0
4	1031	0
18	1031	0
1	1032	0
11	1032	0
24	1032	2
38	1032	0
30	1033	0
38	1034	0
1	1035	0
1	1036	0
5	1036	0
20	1036	1
36	1036	0
8	1037	0
32	1037	1
33	1037	2
8	1038	3
8	1039	1
30	1040	1
37	1040	3
26	1041	0
35	1042	0
4	1043	2
6	1044	3
20	1044	0
34	1044	1
21	1045	3
17	1046	2
26	1046	1
31	1046	1
37	1046	1
30	1047	0
3	1048	2
8	1048	1
18	1048	1
1	1049	1
30	1050	2
35	1050	0
36	1050	0
23	1051	1
1	1052	1
19	1052	0
28	1052	1
38	1053	0
3	1054	0
11	1054	0
14	1054	0
2	1055	0
17	1055	0
2	1056	2
8	1056	0
13	1056	0
15	1056	0
26	1057	0
28	1057	0
14	1058	0
26	1058	0
30	1058	0
21	1059	0
20	1060	0
32	1060	0
34	1060	0
35	1060	0
17	1061	2
1	1062	0
25	1062	2
8	1063	0
8	1064	3
19	1064	1
29	1065	0
10	1066	1
16	1066	1
3	1067	1
16	1067	1
22	1067	1
30	1067	2
10	1068	0
20	1068	2
26	1068	0
5	1069	0
12	1070	1
13	1070	1
35	1070	1
27	1071	0
30	1072	0
38	1073	2
24	1074	0
25	1074	0
14	1075	2
20	1076	1
21	1076	1
34	1077	0
36	1078	1
38	1079	3
8	1080	0
0	1081	1
17	1081	1
21	1081	0
28	1081	0
31	1081	0
35	1081	0
30	1082	1
30	1083	1
34	1083	2
37	1083	0
38	1083	0
21	1084	0
32	1084	2
26	1085	0
5	1086	0
13	1086	3
34	1087	0
19	1088	1
1	1089	3
17	1089	2
28	1089	0
35	1090	1
36	1090	1
6	1091	1
35	1092	0
36	1093	1
18	1094	0
26	1094	1
4	1095	3
7	1095	0
11	1095	0
35	1095	0
1	1096	1
17	1096	0
28	1096	1
34	1096	2
30	1097	1
16	1098	3
18	1098	3
32	1098	0
13	1099	0
5	1100	1
24	1100	0
39	1100	0
28	1101	0
11	1102	1
37	1102	1
37	1103	1
8	1104	0
36	1104	0
30	1105	1
31	1105	3
1	1106	3
17	1106	3
17	1107	2
34	1107	0
35	1107	0
5	1108	2
17	1108	0
35	1108	0
13	1109	0
16	1109	0
17	1110	0
36	1110	0
20	1111	0
37	1111	2
6	1112	0
13	1112	0
24	1112	0
26	1112	0
1	1113	0
10	1113	0
24	1113	1
23	1114	0
11	1115	0
14	1115	0
38	1115	2
1	1116	0
32	1117	1
22	1118	1
16	1119	0
34	1119	0
14	1120	1
21	1120	1
17	1121	1
33	1121	3
20	1122	0
30	1122	0
35	1123	1
36	1124	3
20	1125	0
0	1126	1
1	1126	1
17	1126	1
32	1126	1
37	1126	1
4	1127	1
8	1127	1
20	1127	1
35	1128	2
14	1129	2
33	1130	1
2	1131	3
3	1132	1
34	1133	3
39	1134	1
0	1135	0
2	1136	0
8	1136	0
31	1136	0
20	1137	3
31	1137	2
28	1138	0
37	1139	0
22	1140	0
11	1141	0
38	1141	0
2	1142	0
3	1142	1
28	1142	0
11	1143	0
26	1143	0
12	1144	1
17	1144	2
2	1145	1
17	1146	0
31	1146	0
5	1147	1
17	1147	1
11	1148	0
17	1148	1
36	1148	2
37	1148	0
34	1149	3
6	1150	3
32	1150	1
26	1151	3
2	1152	0
12	1152	0
13	1152	0
18	1152	0
37	1152	0
35	1153	3
0	1154	1
14	1154	1
0	1155	3
38	1156	1
7	1157	3
14	1157	0
17	1157	3
33	1157	3
20	1158	0
21	1158	0
26	1158	0
31	1158	0
1	1159	1
13	1159	1
20	1159	1
32	1159	1
20	1160	3
1	1161	0
20	1161	0
7	1162	0
11	1162	0
13	1162	0
30	1162	0
39	1162	0
30	1163	0
1	1164	0
33	1165	0
35	1165	0
20	1166	0
11	1167	0
0	1168	3
11	1168	0
17	1168	0
12	1169	0
26	1169	0
35	1169	0
12	1170	0
20	1170	0
14	1171	1
31	1171	1
37	1171	3
17	1172	1
30	1172	1
9	1173	0
13	1173	0
30	1174	3
12	1175	3
32	1175	3
31	1176	0
16	1177	1
18	1178	2
3	1179	1
11	1180	1
17	1180	1
20	1180	1
3	1181	1
11	1181	1
14	1181	1
20	1181	0
21	1181	1
30	1181	0
38	1182	3
39	1182	0
32	1183	1
36	1183	1
14	1184	3
32	1184	0
38	1184	3
14	1185	0
24	1185	0
1	1186	1
18	1187	0
28	1187	3
3	1188	3
11	1188	0
18	1188	2
2	1189	0
20	1190	0
28	1190	1
30	1190	0
23	1191	0
12	1192	0
0	1193	0
7	1193	1
30	1193	2
31	1193	0
37	1193	0
4	1194	2
24	1194	0
24	1195	0
22	1196	1
0	1197	2
18	1197	3
24	1197	0
28	1198	0
2	1199	2
21	1199	2
30	1199	1
13	1200	0
14	1200	3
34	1200	0
5	1201	1
12	1201	2
5	1202	2
11	1202	2
35	1202	2
37	1203	0
14	1204	2
38	1205	3
21	1206	0
12	1207	3
32	1208	0
21	1209	0
32	1210	1
22	1211	2
14	1212	0
26	1212	0
34	1212	0
38	1212	1
1	1213	2
17	1213	2
11	1214	3
24	1214	0
9	1215	0
26	1215	0
30	1215	2
31	1215	0
35	1215	3
36	1215	0
3	1216	2
32	1217	0
34	1217	2
12	1218	0
31	1218	3
12	1219	0
39	1219	0
0	1220	1
3	1220	3
17	1220	0
39	1221	0
16	1222	1
14	1223	0
18	1223	0
35	1223	0
36	1224	0
38	1224	0
21	1225	1
34	1225	3
0	1226	1
32	1226	2
34	1226	2
26	1227	0
20	1228	1
30	1228	1
1	1229	2
3	1229	3
8	1229	2
35	1229	2
0	1230	0
5	1230	0
14	1230	1
16	1231	2
28	1231	2
7	1232	3
35	1232	3
2	1233	0
7	1233	0
33	1233	3
3	1234	1
8	1234	1
13	1234	1
38	1234	3
20	1235	3
39	1235	0
8	1236	2
16	1236	0
34	1236	0
36	1236	0
22	1237	2
19	1238	2
35	1238	3
3	1239	0
7	1239	0
31	1239	0
1	1240	2
21	1240	2
3	1241	3
11	1241	2
16	1241	3
21	1241	3
35	1241	3
38	1242	0
21	1243	0
8	1244	0
11	1244	0
14	1244	0
36	1244	0
7	1245	0
17	1246	1
21	1246	0
30	1246	0
36	1246	0
8	1247	2
30	1247	0
8	1248	0
37	1248	0
5	1249	0
35	1249	0
8	1250	0
17	1251	0
4	1252	1
16	1253	2
38	1253	2
30	1254	1
2	1255	1
6	1255	3
32	1255	2
1	1256	3
3	1256	3
13	1256	3
22	1256	1
24	1257	3
8	1258	2
18	1258	0
21	1258	2
31	1258	2
13	1259	3
14	1259	3
23	1259	3
13	1260	0
15	1260	0
28	1260	0
21	1261	1
36	1261	1
23	1262	1
1	1263	3
7	1263	0
10	1263	0
20	1263	0
32	1263	0
31	1264	1
14	1265	3
11	1266	0
3	1267	2
14	1267	2
20	1267	0
7	1268	3
31	1268	3
14	1269	0
30	1269	0
13	1270	0
17	1271	0
18	1271	0
21	1271	0
12	1272	0
35	1272	0
0	1273	0
37	1273	1
7	1274	0
30	1274	0
34	1274	2
13	1275	2
20	1275	0
28	1276	0
34	1277	0
1	1278	0
36	1278	0
13	1279	1
14	1279	1
21	1279	1
37	1279	3
7	1280	2
14	1280	2
1	1281	0
12	1281	0
26	1281	0
30	1281	0
36	1281	2
17	1282	2
20	1282	0
0	1283	3
12	1283	3
26	1284	0
26	1285	1
28	1285	2
7	1286	3
33	1287	2
32	1288	2
3	1289	2
20	1289	2
30	1289	2
32	1289	0
38	1290	0
18	1291	2
8	1292	3
30	1292	2
31	1292	0
8	1293	0
1	1294	2
3	1295	3
6	1295	3
33	1295	3
35	1295	3
36	1296	0
13	1297	0
14	1297	0
33	1297	2
6	1298	0
37	1298	0
33	1299	0
12	1300	0
17	1300	0
32	1300	0
35	1300	0
17	1301	1
2	1302	0
6	1302	0
13	1302	0
35	1302	0
1	1303	0
3	1303	0
7	1303	1
13	1303	0
36	1303	0
1	1304	3
30	1304	0
35	1305	0
36	1305	0
6	1306	0
26	1307	1
14	1308	0
20	1308	0
26	1309	0
7	1310	3
20	1310	1
35	1310	1
3	1311	0
13	1312	1
34	1312	2
13	1313	1
16	1313	1
21	1313	1
14	1314	0
24	1314	0
26	1314	0
11	1315	0
18	1315	0
21	1315	0
15	1316	0
20	1317	0
21	1317	0
26	1317	0
30	1317	2
4	1318	2
34	1318	1
7	1319	3
4	1320	0
5	1321	0
34	1322	1
11	1323	0
17	1323	0
13	1324	0
1	1325	0
14	1325	0
24	1325	0
8	1326	0
14	1326	0
20	1326	0
0	1327	0
26	1328	0
28	1328	0
1	1329	0
2	1329	0
6	1330	3
36	1330	0
4	1331	0
37	1331	0
3	1332	0
8	1332	0
9	1333	0
20	1334	0
38	1334	1
39	1335	0
33	1336	0
11	1337	1
37	1338	2
16	1339	1
20	1339	1
32	1339	1
13	1340	1
30	1340	1
1	1341	0
11	1341	0
36	1342	0
38	1342	0
39	1343	1
6	1344	1
17	1344	1
34	1344	3
38	1344	1
32	1345	1
39	1345	0
31	1346	1
7	1347	2
13	1347	0
26	1348	1
33	1348	3
7	1349	1
31	1350	0
0	1351	0
13	1351	0
21	1351	1
28	1352	0
5	1353	3
13	1354	0
4	1355	0
13	1355	2
26	1356	0
34	1356	0
31	1357	0
32	1357	0
16	1358	0
32	1358	0
30	1359	0
37	1359	2
8	1360	1
19	1361	2
20	1362	2
1	1363	1
35	1363	0
1	1364	1
11	1364	1
20	1364	1
24	1364	1
4	1365	0
8	1365	0
12	1365	3
22	1365	0
33	1365	0
36	1365	0
1	1366	1
11	1366	1
5	1367	1
34	1368	0
31	1369	0
33	1369	0
4	1370	3
20	1370	0
16	1371	2
7	1372	0
18	1372	3
22	1372	1
38	1372	1
1	1373	1
2	1373	3
16	1373	1
35	1374	0
1	1375	1
13	1375	1
18	1376	1
20	1376	1
36	1376	1
38	1376	2
30	1377	0
34	1377	0
17	1378	0
24	1379	0
1	1380	0
12	1380	0
13	1380	0
14	1380	0
30	1380	0
1	1381	0
18	1381	0
37	1381	0
30	1382	3
9	1383	0
20	1383	0
7	1384	0
33	1385	0
1	1386	0
18	1386	0
34	1387	3
0	1388	1
1	1388	1
26	1388	1
32	1388	1
37	1388	1
38	1388	1
1	1389	0
10	1389	0
8	1390	1
37	1390	1
1	1391	1
1	1392	0
13	1392	0
20	1392	0
36	1392	1
14	1393	1
34	1394	3
39	1394	1
5	1395	0
31	1395	0
8	1396	0
10	1396	0
38	1396	0
6	1397	1
7	1397	1
26	1397	1
28	1397	1
30	1397	1
32	1397	3
37	1398	0
12	1399	1
17	1399	1
17	1400	1
39	1400	1
11	1401	0
8	1402	1
30	1403	1
36	1403	1
37	1403	1
3	1404	0
35	1404	0
13	1405	0
21	1405	0
26	1405	0
36	1405	0
10	1406	0
14	1407	0
1	1408	2
6	1408	0
14	1408	0
18	1409	0
20	1409	0
1	1410	2
17	1410	0
35	1410	3
7	1411	0
16	1411	3
0	1412	0
11	1412	1
22	1412	0
0	1413	2
32	1414	1
10	1415	1
11	1415	1
12	1415	1
0	1416	0
12	1417	1
14	1417	3
38	1417	3
14	1418	1
22	1419	3
30	1419	0
18	1420	3
7	1421	3
13	1421	0
3	1422	2
7	1422	0
14	1422	0
15	1422	0
20	1422	0
21	1422	0
13	1423	0
21	1424	0
32	1424	2
33	1424	0
30	1425	0
20	1426	1
13	1427	1
17	1427	1
6	1428	3
20	1428	0
10	1429	1
11	1429	1
26	1429	1
1	1430	3
37	1430	3
11	1431	0
14	1431	0
21	1431	2
30	1431	0
4	1432	0
7	1432	0
9	1432	0
14	1432	2
31	1432	0
10	1433	0
11	1433	0
5	1434	0
11	1434	0
14	1434	0
35	1434	0
7	1435	0
22	1436	0
1	1437	0
2	1437	0
37	1437	0
5	1438	2
6	1438	0
19	1438	0
32	1439	0
30	1440	3
35	1441	1
30	1442	1
37	1442	1
5	1443	0
33	1443	3
11	1444	1
0	1445	1
9	1445	1
16	1445	0
17	1445	1
21	1445	1
2	1446	3
10	1446	0
13	1446	0
21	1446	1
38	1446	0
1	1447	1
0	1448	3
13	1448	0
5	1449	2
24	1449	0
38	1449	0
17	1450	1
21	1450	1
36	1450	3
36	1451	1
7	1452	0
30	1452	0
0	1453	1
31	1453	3
15	1454	3
26	1454	3
35	1454	3
8	1455	0
14	1456	0
22	1456	1
36	1457	3
32	1458	0
8	1459	3
12	1459	1
28	1459	0
30	1459	2
31	1460	2
32	1460	0
9	1461	0
5	1462	0
28	1462	0
32	1463	0
3	1464	0
14	1464	0
16	1465	0
14	1466	0
1	1467	0
7	1467	0
35	1467	0
24	1468	1
34	1469	1
10	1470	0
21	1470	0
11	1471	1
7	1472	3
9	1472	3
13	1472	1
14	1473	3
14	1474	3
22	1474	1
30	1474	1
32	1475	3
5	1476	1
10	1476	0
8	1477	2
31	1477	1
16	1478	1
33	1478	1
6	1479	0
5	1480	1
21	1480	1
30	1480	0
34	1480	2
30	1481	3
34	1481	3
8	1482	0
32	1482	0
5	1483	1
13	1483	2
35	1483	1
10	1484	3
34	1484	3
36	1484	3
2	1485	0
7	1486	0
13	1487	1
14	1488	3
18	1488	1
9	1489	0
11	1489	1
13	1489	2
11	1490	0
13	1491	0
37	1491	0
38	1491	0
14	1492	0
31	1492	0
37	1492	0
11	1493	0
37	1494	0
38	1494	0
5	1495	1
6	1495	2
30	1495	3
34	1495	1
21	1496	1
37	1497	0
12	1498	0
11	1499	2
17	1499	2
22	1499	3
33	1499	1
32	1500	0
4	1501	1
25	1501	0
35	1501	3
22	1502	3
33	1502	0
35	1502	3
14	1503	0
11	1504	2
8	1505	1
14	1505	1
35	1506	3
13	1507	1
19	1507	1
33	1507	1
20	1508	3
26	1508	3
30	1508	3
1	1509	0
5	1509	0
10	1509	0
14	1509	0
20	1509	0
36	1509	0
0	1510	0
2	1510	1
18	1510	2
26	1510	1
5	1511	2
11	1511	2
34	1511	3
13	1512	0
6	1513	0
3	1514	2
6	1514	0
11	1514	0
6	1515	0
24	1516	3
32	1516	0
2	1517	0
22	1517	0
38	1517	0
1	1518	0
19	1518	0
21	1519	0
6	1520	1
31	1521	0
34	1521	3
17	1522	1
18	1522	3
22	1522	1
34	1522	1
16	1523	2
10	1524	0
36	1524	0
1	1525	1
5	1526	0
37	1527	1
7	1528	2
35	1528	2
6	1529	3
39	1530	0
9	1531	0
0	1532	0
29	1533	0
1	1534	1
34	1535	2
26	1536	0
30	1536	2
3	1537	2
13	1538	3
38	1538	3
3	1539	0
11	1540	0
14	1541	0
21	1541	0
24	1541	0
32	1542	0
4	1543	0
7	1543	0
38	1543	0
2	1544	1
14	1544	2
18	1544	0
20	1544	1
2	1545	0
2	1546	0
2	1547	0
13	1547	0
12	1548	0
11	1549	1
10	1550	2
18	1551	0
19	1551	2
21	1551	2
29	1552	0
32	1552	1
33	1552	3
7	1553	2
32	1553	2
37	1554	0
38	1554	0
21	1555	2
2	1556	3
7	1556	1
32	1557	3
33	1558	1
27	1559	2
30	1560	0
6	1561	3
30	1561	2
33	1561	2
1	1562	3
3	1562	3
18	1562	3
32	1563	0
36	1563	0
6	1564	0
11	1564	2
13	1564	2
14	1564	2
35	1565	3
21	1566	0
30	1566	0
31	1567	0
33	1567	0
35	1567	0
15	1568	2
17	1568	0
3	1569	2
0	1570	0
1	1570	0
36	1571	0
30	1572	0
34	1572	1
35	1572	2
35	1573	0
11	1574	3
22	1574	0
25	1574	2
2	1575	3
7	1576	1
18	1576	1
20	1577	2
36	1577	2
18	1578	0
35	1578	0
2	1579	2
11	1579	1
37	1579	1
2	1580	3
14	1580	3
26	1580	3
32	1580	3
39	1581	0
34	1582	0
22	1583	3
28	1583	3
6	1584	0
22	1584	0
30	1584	3
32	1584	0
37	1584	0
7	1585	1
16	1585	1
18	1586	2
6	1587	0
2	1588	2
7	1588	0
13	1588	2
37	1588	2
0	1589	3
30	1589	0
35	1589	3
21	1590	0
8	1591	2
14	1591	2
20	1591	2
26	1592	3
35	1592	3
16	1593	3
38	1593	0
26	1594	0
0	1595	0
16	1595	0
34	1596	0
11	1597	0
13	1597	0
38	1597	0
32	1598	0
13	1599	3
14	1600	0
30	1600	0
7	1601	0
2	1602	2
28	1602	0
30	1602	0
35	1602	0
12	1603	1
13	1604	0
26	1604	1
17	1605	0
24	1605	0
0	1606	0
5	1606	3
7	1606	2
11	1606	2
12	1606	2
34	1606	2
38	1606	2
10	1607	3
35	1607	3
16	1608	0
36	1608	1
14	1609	2
5	1610	3
13	1610	3
14	1610	3
33	1610	3
10	1611	0
35	1612	3
14	1613	2
24	1614	0
38	1614	0
4	1615	2
10	1616	3
16	1616	3
32	1616	3
14	1617	0
33	1617	0
34	1617	0
2	1618	1
11	1619	3
12	1620	0
14	1620	0
21	1620	1
32	1620	0
38	1620	0
7	1621	3
8	1621	0
26	1621	0
36	1621	0
18	1622	2
33	1622	2
7	1623	1
21	1623	0
26	1623	0
10	1624	0
30	1624	0
32	1624	0
6	1625	0
8	1625	0
11	1625	0
31	1626	1
14	1627	0
21	1627	0
1	1628	0
26	1628	0
37	1628	0
0	1629	0
1	1629	0
4	1629	0
7	1629	2
37	1630	1
3	1631	2
8	1632	0
13	1632	0
20	1632	0
24	1632	0
6	1633	1
7	1633	1
10	1633	1
21	1633	1
35	1633	1
13	1634	2
26	1634	2
38	1634	2
0	1635	0
21	1635	3
20	1636	2
17	1637	3
32	1638	0
35	1638	0
7	1639	0
8	1639	0
11	1639	0
22	1639	0
0	1640	0
13	1640	2
14	1640	0
17	1640	2
21	1640	0
22	1640	0
30	1640	0
31	1640	0
1	1641	0
2	1642	1
7	1643	2
6	1644	0
39	1644	2
6	1645	3
8	1645	2
8	1646	3
24	1646	3
30	1646	1
36	1646	3
5	1647	3
33	1647	0
4	1648	3
16	1648	0
25	1648	0
32	1648	3
26	1649	0
37	1649	1
9	1650	0
21	1651	1
38	1651	1
13	1652	0
14	1652	2
28	1652	0
6	1653	0
30	1653	1
34	1654	0
38	1654	0
26	1655	0
36	1656	0
4	1657	1
7	1657	1
20	1657	1
21	1657	1
11	1658	2
34	1659	0
39	1660	2
3	1661	2
13	1661	1
33	1662	0
3	1663	1
11	1664	2
35	1665	0
20	1666	1
32	1667	0
30	1668	1
14	1669	2
37	1669	2
7	1670	3
28	1670	3
33	1670	1
34	1670	3
35	1670	3
32	1671	0
37	1671	2
8	1672	2
22	1672	2
33	1672	3
35	1672	2
22	1673	3
32	1673	2
34	1673	3
1	1674	0
3	1675	0
32	1675	0
1	1676	0
8	1677	2
18	1677	0
32	1677	2
13	1678	2
19	1678	0
8	1679	0
32	1679	0
37	1680	0
32	1681	0
13	1682	0
14	1682	0
21	1683	0
34	1683	0
6	1684	1
7	1684	1
37	1684	2
38	1684	1
37	1685	2
5	1686	0
7	1686	0
14	1686	0
31	1686	0
5	1687	3
17	1687	2
32	1687	0
34	1687	2
37	1687	2
17	1688	0
28	1689	0
34	1689	0
36	1690	3
5	1691	0
18	1692	0
27	1693	1
36	1694	2
18	1695	0
21	1695	0
24	1695	0
30	1696	2
5	1697	0
11	1697	3
37	1697	2
6	1698	0
19	1699	2
8	1700	3
13	1700	1
14	1700	3
0	1701	0
34	1702	0
6	1703	0
14	1703	0
35	1703	0
10	1704	1
2	1705	0
13	1705	0
36	1705	0
8	1706	0
26	1706	0
0	1707	2
2	1707	2
3	1708	0
16	1708	0
31	1708	0
21	1709	0
26	1709	0
11	1710	0
12	1710	0
18	1710	0
3	1711	1
36	1711	1
21	1712	2
31	1713	0
1	1714	2
14	1714	2
2	1715	3
11	1715	3
30	1715	3
2	1716	0
11	1716	3
21	1716	0
31	1716	0
35	1716	0
36	1716	0
17	1717	3
33	1717	2
34	1717	2
8	1718	1
24	1718	3
5	1719	3
34	1719	1
13	1720	0
14	1720	1
16	1721	2
30	1722	0
34	1722	0
28	1723	2
12	1724	3
16	1724	3
30	1724	2
37	1725	0
3	1726	2
0	1727	3
