25	0	1
5	1	1
37	1	0
18	2	0
33	2	0
4	3	0
9	3	0
22	3	1
31	3	0
36	3	0
27	4	0
0	5	1
18	5	0
34	5	0
35	5	0
39	5	1
8	6	0
33	6	0
9	7	0
20	7	1
11	8	1
12	8	0
2	9	1
11	9	0
12	9	0
18	9	0
20	9	0
25	9	0
26	9	1
17	10	0
38	10	1
7	11	0
21	11	1
25	11	1
8	12	0
13	12	1
7	13	1
18	13	1
33	13	1
10	14	1
29	14	1
11	15	0
35	15	1
10	16	0
12	16	0
5	17	1
7	17	0
24	17	1
30	17	0
39	17	0
3	18	1
11	19	0
20	19	0
23	19	0
26	19	0
39	19	0
6	20	0
12	21	1
37	21	1
0	22	1
18	22	0
11	23	1
17	23	1
20	23	0
13	24	0
15	24	1
34	25	0
38	26	1
17	27	0
36	27	0
12	28	1
17	28	1
32	28	1
3	29	0
6	29	0
22	29	0
34	29	0
4	30	1
16	31	0
0	32	1
13	32	1
14	32	0
15	32	0
20	32	0
35	32	1
0	33	1
18	33	0
23	33	1
25	33	1
2	34	0
24	34	0
28	34	0
33	34	0
37	34	0
24	35	1
2	36	1
16	36	1
17	36	1
22	36	1
24	36	1
26	37	1
0	38	1
38	38	1
39	38	1
12	39	0
20	39	0
35	39	0
36	39	0
39	39	0
3	40	0
28	40	0
5	41	0
8	41	0
14	41	0
15	41	1
10	42	0
22	42	1
24	42	0
33	42	0
20	43	0
4	44	0
13	44	0
27	44	0
6	45	0
20	45	0
37	45	0
33	46	0
31	47	0
23	48	0
10	49	1
17	50	0
28	50	0
0	51	1
15	51	1
30	51	1
22	52	1
38	52	0
3	53	0
6	54	0
8	54	0
25	54	0
26	54	0
2	55	0
14	56	1
15	56	1
16	56	1
14	57	1
10	58	1
17	58	1
20	58	1
22	58	1
11	59	1
39	59	1
2	60	0
31	61	1
14	62	0
36	62	0
8	63	0
0	64	1
8	64	0
30	64	0
36	64	1
10	65	1
24	65	1
4	66	0
12	66	0
18	66	1
2	67	1
5	67	1
21	67	1
24	67	1
35	67	0
36	67	1
29	68	0
6	69	0
12	70	0
13	70	0
18	71	1
2	72	0
34	72	0
38	72	1
12	73	1
30	73	1
39	74	0
2	75	0
14	75	1
24	75	0
30	75	0
30	76	0
36	76	0
14	77	0
16	77	0
20	77	0
7	78	0
12	78	1
8	79	1
20	79	1
0	80	0
7	80	0
16	80	0
21	80	0
27	80	0
28	80	0
4	81	0
10	81	0
18	81	0
21	81	0
27	81	1
35	81	1
15	82	1
22	82	0
27	82	0
30	82	1
35	82	0
37	82	0
1	83	1
35	83	1
6	84	1
18	84	1
24	84	1
36	84	0
2	85	0
9	85	0
31	85	1
6	86	1
1	87	1
4	88	1
14	88	0
18	88	0
38	88	1
39	88	0
39	89	0
1	90	0
14	90	1
27	90	1
29	90	0
39	90	0
15	91	0
33	91	0
12	92	1
17	92	0
21	92	1
25	92	0
8	93	1
14	93	1
20	93	0
24	93	0
17	94	0
39	94	0
9	95	0
33	95	0
17	96	0
2	97	1
18	97	0
21	97	0
3	98	1
14	98	1
39	98	0
13	99	1
14	99	1
33	99	0
9	100	0
30	101	0
9	102	1
3	103	0
32	104	0
17	105	0
38	105	0
21	106	1
30	106	0
37	106	1
37	107	0
23	108	0
28	108	1
7	109	1
12	109	1
13	109	0
30	109	0
34	110	0
6	111	1
7	111	0
14	111	1
22	111	0
13	112	0
33	112	0
9	113	1
10	113	1
17	113	0
20	113	1
10	114	1
38	114	1
39	114	0
20	115	1
12	116	0
1	117	0
12	117	1
13	117	0
14	117	1
17	117	1
28	117	1
15	118	1
24	118	0
38	118	0
14	119	0
18	119	1
26	119	1
14	120	1
0	121	0
30	121	1
36	122	1
2	123	1
4	123	0
10	123	1
2	124	0
3	124	1
9	124	1
17	124	1
27	124	0
28	124	0
31	125	1
6	126	1
14	126	1
21	126	0
2	127	0
14	127	0
11	128	0
13	128	1
26	128	1
33	128	1
4	129	0
25	129	0
13	130	0
14	130	0
25	130	0
10	131	1
31	131	1
9	132	1
10	132	0
11	132	1
3	133	1
39	133	1
12	134	0
17	134	1
22	135	1
24	135	1
35	135	1
31	136	1
11	137	1
26	138	0
5	139	0
20	140	1
30	140	1
37	140	1
24	141	1
0	142	1
21	143	0
35	144	0
11	145	1
25	145	0
27	145	1
38	145	0
11	146	1
0	147	0
22	147	1
33	147	1
6	148	1
8	148	0
21	148	0
32	148	0
38	148	1
7	149	1
2	150	1
4	150	1
7	151	0
24	151	0
11	152	0
21	152	0
22	152	0
11	153	0
30	154	1
33	154	1
0	155	1
26	155	0
16	156	1
12	157	0
24	157	0
10	158	1
38	159	0
13	160	1
37	160	1
6	161	0
7	161	1
14	161	0
17	161	0
24	161	0
27	161	0
34	162	0
20	163	0
38	163	1
0	164	1
2	164	0
13	164	1
16	164	0
24	164	0
34	164	0
1	165	0
21	165	0
4	166	0
36	166	1
10	167	0
18	167	1
2	168	0
9	168	0
17	168	0
28	168	0
31	168	1
39	168	0
7	169	0
20	169	0
33	169	0
3	170	0
2	171	1
13	171	0
8	172	0
22	172	0
1	173	0
12	173	1
33	173	0
37	174	1
10	175	1
19	175	0
6	176	1
26	176	1
28	176	1
11	177	0
37	177	1
38	177	0
9	178	1
24	178	1
30	178	0
33	178	0
38	178	0
11	179	0
20	179	0
32	179	0
1	180	0
11	180	0
27	180	1
33	181	0
6	182	0
35	182	0
37	182	0
39	183	0
38	184	0
22	185	1
33	185	1
37	185	0
11	186	0
27	187	0
33	187	0
10	188	1
6	189	0
9	189	0
16	189	0
33	189	0
7	190	0
36	190	1
6	191	1
11	191	0
33	191	1
17	192	0
28	192	0
30	192	0
38	192	0
8	193	0
28	193	0
0	194	0
14	194	0
37	194	0
30	195	1
2	196	1
5	196	0
20	196	0
25	196	0
12	197	1
14	197	1
1	198	0
31	199	1
2	200	0
31	200	1
14	201	0
38	202	0
22	203	0
23	203	0
24	203	0
36	203	1
38	204	1
14	205	1
17	205	0
25	205	1
33	205	0
36	205	0
28	206	0
28	207	1
20	208	0
29	208	1
24	209	0
25	209	0
33	209	0
0	210	0
11	210	0
9	211	0
5	212	0
11	212	0
17	212	0
20	212	1
29	212	0
16	213	0
37	213	0
0	214	0
8	214	1
37	214	1
0	215	1
27	215	1
38	215	0
38	216	0
6	217	1
35	217	1
24	218	1
28	218	0
30	218	0
33	218	1
28	219	0
6	220	0
30	220	0
20	221	0
26	221	0
11	222	0
22	222	1
38	222	0
34	223	1
16	224	1
37	224	1
1	225	1
35	225	0
17	226	0
22	226	0
24	226	0
9	227	1
11	227	1
20	227	0
27	227	1
33	227	0
13	228	0
14	228	1
22	228	1
0	229	1
25	229	1
0	230	1
2	230	0
17	230	0
21	230	1
31	230	1
2	231	0
6	231	1
10	231	1
17	231	1
39	231	1
0	232	1
3	232	0
17	232	0
29	232	1
38	232	0
25	233	0
30	233	1
38	233	1
1	234	0
10	234	0
17	234	0
29	234	0
0	235	1
6	235	1
26	236	0
39	236	0
27	237	0
28	237	0
0	238	0
21	238	1
24	239	1
25	239	1
33	239	0
20	240	1
25	240	0
36	240	1
3	241	1
8	241	0
9	241	0
30	241	1
10	242	1
2	243	0
9	243	0
14	243	0
15	243	0
36	243	1
4	244	0
37	244	0
11	245	1
25	245	0
20	246	0
14	247	1
36	247	0
9	248	1
14	248	1
24	248	1
25	248	1
6	249	0
8	250	1
17	250	1
4	251	0
6	251	1
39	251	1
27	252	0
20	253	1
11	254	0
14	254	0
20	254	0
37	254	1
9	255	0
10	255	0
36	255	0
18	256	0
24	256	0
14	257	1
33	257	0
37	257	1
18	258	0
25	258	1
6	259	1
27	259	1
30	259	0
34	259	1
8	260	0
10	260	0
23	260	0
31	260	1
0	261	0
3	261	0
17	261	0
27	261	1
16	262	0
24	262	0
25	262	0
11	263	1
3	264	0
2	265	0
25	265	0
27	266	0
20	267	1
36	267	1
3	268	0
11	268	1
13	268	1
15	268	1
22	268	0
37	268	0
4	269	0
18	269	0
29	270	0
20	271	0
2	272	0
4	272	0
5	272	0
10	272	1
38	272	0
18	273	1
33	273	0
4	274	1
9	274	0
7	275	0
6	276	1
22	276	1
15	277	1
16	277	1
11	278	0
11	279	0
16	279	1
27	279	1
4	280	0
11	280	0
30	280	0
35	280	0
6	281	1
24	282	1
25	282	1
27	282	1
15	283	1
22	283	1
13	284	0
11	285	0
20	285	0
21	285	0
37	286	0
1	287	0
11	287	1
23	287	0
30	287	0
6	288	0
26	288	0
38	288	1
28	289	0
11	290	0
12	290	0
13	290	0
31	290	1
33	290	1
6	291	0
20	292	0
24	292	1
30	292	0
16	293	0
20	294	0
37	295	0
14	296	1
15	296	1
21	296	1
0	297	0
0	298	0
9	298	0
17	298	0
24	298	0
26	298	0
28	298	1
1	299	0
0	300	0
4	300	1
10	300	1
22	300	1
33	300	0
10	301	1
13	302	1
33	302	1
31	303	1
38	303	1
5	304	0
11	304	1
12	305	1
16	305	1
7	306	0
36	306	1
38	306	1
2	307	1
17	307	1
1	308	1
10	308	1
21	308	0
38	309	1
25	310	1
34	311	0
11	312	0
14	312	1
8	313	1
20	313	1
24	313	1
0	314	0
8	314	0
27	314	0
16	315	1
21	315	0
39	315	1
21	316	0
33	317	0
6	318	0
8	318	0
11	318	1
33	318	1
1	319	0
24	319	0
30	319	0
17	320	0
36	320	1
6	321	0
18	321	1
8	322	0
11	322	1
17	322	0
36	322	0
22	323	1
33	324	1
1	325	0
11	325	0
14	325	0
33	325	0
0	326	0
20	326	0
0	327	0
16	327	1
4	328	0
12	328	1
36	328	1
3	329	1
8	329	0
24	329	0
17	330	1
24	330	0
32	331	0
5	332	1
11	332	1
16	332	0
0	333	1
4	333	0
7	333	0
16	333	0
22	333	0
28	333	0
30	333	0
24	334	0
7	335	1
7	336	0
11	336	1
27	336	0
33	336	1
39	336	0
21	337	1
33	337	0
35	337	1
36	337	1
2	338	0
6	338	0
17	338	0
33	338	0
16	339	1
18	339	1
33	339	1
11	340	0
28	340	1
5	341	0
7	341	0
9	341	1
10	341	1
27	341	1
30	341	0
38	341	0
11	342	0
12	342	1
25	342	0
7	343	1
39	343	1
14	344	0
27	344	0
3	345	1
8	346	0
14	346	1
16	346	1
26	346	1
3	347	1
8	347	1
21	348	0
14	349	1
1	350	0
31	351	1
4	352	0
37	352	0
38	352	1
12	353	1
21	353	1
22	353	1
30	353	1
21	354	0
38	354	0
3	355	1
17	355	1
38	355	0
13	356	0
14	356	0
24	356	0
25	356	1
32	356	1
21	357	0
38	357	0
7	358	0
20	358	0
27	358	1
31	358	1
33	358	1
36	358	0
14	359	1
27	360	0
33	360	0
2	361	0
6	361	0
2	362	0
8	362	0
10	362	0
13	362	0
14	362	1
23	362	0
37	362	1
38	362	0
0	363	0
24	363	1
26	363	1
2	364	1
7	364	1
33	364	0
1	365	0
20	365	0
0	366	0
14	366	1
25	366	1
28	366	0
17	367	0
24	367	0
18	368	0
33	368	1
22	369	0
1	370	0
4	370	1
27	370	1
6	371	0
13	372	1
14	372	0
25	372	0
3	373	0
33	373	1
10	374	1
11	374	0
22	374	0
27	375	0
18	376	0
10	377	1
11	377	0
12	377	1
33	377	0
10	378	0
24	378	1
11	379	1
37	379	0
8	380	1
15	380	0
27	380	1
14	381	0
24	381	0
38	381	0
14	382	1
20	382	0
0	383	0
6	383	0
14	383	0
30	383	0
5	384	0
14	384	1
35	384	1
8	385	0
16	385	0
34	385	1
36	385	1
24	386	0
14	387	0
3	388	0
31	389	1
37	389	0
8	390	0
11	391	1
17	391	0
21	391	1
22	391	0
37	391	0
32	392	1
15	393	0
16	393	1
22	393	0
24	393	1
30	393	1
14	394	1
5	395	0
6	395	0
28	395	0
4	396	0
10	396	0
33	396	0
10	397	0
25	397	0
27	397	0
36	398	0
16	399	1
21	399	1
37	399	1
2	400	0
14	400	1
16	400	1
17	400	1
24	400	1
26	400	1
11	401	1
22	401	0
10	402	1
27	402	0
28	402	1
34	402	0
4	403	1
9	403	1
33	403	1
38	403	1
2	404	1
14	404	1
17	404	1
18	404	1
12	405	0
20	405	1
7	406	0
11	406	1
27	406	1
33	406	0
38	406	0
18	407	0
22	408	0
25	408	1
38	409	1
1	410	1
2	410	0
38	410	0
0	411	1
15	411	0
38	411	0
8	412	1
21	412	0
6	413	1
7	413	1
34	413	1
27	414	0
14	415	0
23	415	1
27	415	1
17	416	1
22	416	1
25	416	1
2	417	0
20	417	0
24	417	0
36	418	0
38	419	1
22	420	0
27	420	0
37	420	0
38	420	1
28	421	0
9	422	0
14	422	1
36	423	0
0	424	0
24	424	0
24	425	0
13	426	0
25	426	1
27	426	1
29	426	0
0	427	1
7	427	1
31	427	1
5	428	1
9	428	0
22	428	1
36	428	1
37	428	1
21	429	0
11	430	0
22	430	1
26	430	1
27	430	1
30	430	1
2	431	0
27	431	1
20	432	1
21	432	0
22	432	0
37	432	1
10	433	0
3	434	1
17	434	1
