33	0	0
28	1	1
18	2	1
20	2	1
21	2	0
5	3	0
11	3	0
22	3	1
4	4	0
15	4	0
28	4	0
20	5	0
22	5	0
39	6	1
26	7	1
23	8	0
0	9	1
7	9	0
22	9	0
30	9	1
22	10	1
31	10	0
38	10	0
11	11	0
7	12	0
20	12	1
28	13	0
5	14	0
13	14	0
15	14	0
17	14	0
19	14	0
22	14	1
29	14	1
30	14	0
38	14	1
3	15	0
6	15	1
7	16	0
9	16	1
22	16	0
7	17	0
15	17	1
38	17	0
3	18	1
25	18	0
33	18	0
10	19	0
28	19	0
15	20	0
20	20	0
21	20	0
22	20	0
38	21	0
18	22	0
24	22	1
30	22	1
19	23	0
31	24	0
38	24	0
14	25	0
33	26	0
11	27	1
21	27	0
32	27	0
4	28	0
18	28	0
21	28	0
22	29	0
38	29	1
22	30	1
26	31	1
30	31	0
25	32	0
7	33	0
11	34	0
24	34	0
3	35	0
30	35	0
17	36	0
24	36	1
30	37	1
18	38	1
15	39	0
24	39	0
11	40	0
3	41	0
24	42	0
29	43	0
38	43	0
5	44	1
19	44	0
22	44	1
29	45	0
30	45	0
19	46	1
12	47	0
33	47	0
23	48	1
0	49	0
3	49	0
18	49	0
24	50	1
30	50	1
29	51	0
16	52	0
17	52	0
32	53	0
17	54	0
19	54	0
22	54	0
24	54	1
24	55	0
31	56	0
33	56	0
7	57	0
15	57	1
18	57	1
6	58	0
22	58	0
26	58	0
12	59	0
29	59	1
15	60	0
22	60	0
26	60	1
30	60	1
21	61	0
37	61	0
7	62	0
20	62	0
30	62	0
5	63	0
26	63	0
35	63	0
3	64	0
18	64	1
0	65	0
5	65	0
6	66	0
30	66	0
18	67	1
22	68	0
31	68	0
4	69	0
9	70	1
20	70	0
28	70	0
18	71	0
0	72	0
24	72	0
15	73	0
16	73	0
24	74	1
0	75	0
11	76	0
22	76	0
26	76	1
16	77	0
25	78	0
5	79	0
22	79	1
3	80	0
4	80	0
15	80	0
7	81	0
9	81	0
19	81	0
32	81	0
37	82	0
21	83	0
20	84	0
4	85	0
5	85	0
25	85	0
35	85	1
11	86	0
3	87	0
6	87	0
9	87	0
11	87	0
12	87	0
10	88	1
32	89	0
38	90	0
5	91	1
7	91	1
28	91	1
39	92	0
0	93	0
4	94	0
30	94	0
36	94	0
39	94	0
4	95	0
29	95	1
38	95	0
29	96	0
33	97	1
7	98	1
6	99	0
22	99	0
25	100	0
24	101	1
25	101	1
4	102	0
7	102	0
22	102	0
23	102	1
33	102	1
5	103	1
38	104	0
22	105	0
27	105	0
29	105	0
24	106	0
30	106	0
38	106	0
3	107	0
37	108	0
0	109	1
25	110	0
4	111	0
19	111	0
9	112	0
26	112	1
0	113	0
24	113	0
30	113	1
20	114	1
15	115	0
20	115	0
24	115	0
32	115	0
36	116	0
31	117	0
24	118	0
7	119	0
21	119	1
28	119	0
31	119	1
4	120	1
5	120	1
19	120	0
37	120	0
38	121	0
19	122	0
3	123	0
6	124	0
17	124	0
31	124	0
28	125	1
15	126	1
11	127	1
33	127	1
3	128	0
9	128	1
26	128	0
0	129	1
21	130	0
30	130	0
33	130	1
18	131	0
22	132	1
24	132	0
3	133	0
5	133	0
6	134	1
2	135	0
38	136	0
3	137	0
19	137	1
38	137	0
20	138	1
38	139	0
6	140	0
29	140	0
26	141	1
7	142	0
17	142	0
33	142	0
32	143	0
25	144	0
14	145	0
7	146	0
30	146	0
36	147	0
7	148	1
26	148	0
4	149	0
22	149	1
32	149	0
36	149	1
30	150	0
6	151	0
28	151	0
7	152	1
26	152	1
1	153	0
12	153	1
24	153	0
26	153	0
36	154	0
37	154	0
29	155	1
11	156	0
19	156	0
24	156	0
28	156	0
39	156	0
5	157	0
20	157	0
29	157	0
36	158	1
20	159	0
22	159	0
0	160	1
18	161	1
0	162	0
33	163	0
15	164	0
29	164	1
6	165	0
17	165	0
18	165	0
33	166	0
11	167	1
31	167	0
33	167	0
37	167	0
38	167	0
4	168	0
11	168	1
24	168	0
16	169	0
4	170	1
21	170	0
24	170	0
31	170	0
5	171	0
26	171	1
4	172	0
29	173	0
30	174	0
38	174	0
19	175	1
7	176	1
3	177	0
30	177	0
10	178	0
38	178	0
3	179	0
9	179	1
3	180	0
39	180	0
20	181	1
21	181	0
16	182	1
26	182	1
29	182	0
31	183	1
6	184	1
7	185	0
33	185	0
18	186	0
24	187	0
5	188	0
22	188	0
26	188	0
5	189	0
33	189	1
22	190	0
18	191	0
35	191	0
18	192	1
20	192	0
29	192	1
36	192	0
34	193	1
7	194	0
35	194	1
20	195	0
38	196	0
27	197	1
24	198	0
19	199	0
30	199	1
26	200	0
30	200	1
38	200	0
7	201	0
18	201	1
18	202	0
28	202	0
30	202	0
33	202	0
18	203	0
3	204	0
38	205	0
6	206	0
9	206	0
30	206	0
38	206	0
24	207	0
25	207	0
35	207	0
38	207	0
7	208	0
18	208	0
18	209	0
4	210	0
28	210	0
24	211	0
29	212	1
0	213	0
20	214	0
34	214	1
6	215	1
38	215	0
3	216	1
4	216	0
38	216	1
4	217	0
22	217	0
25	218	1
29	219	0
29	220	0
22	221	1
32	221	0
26	222	0
30	223	0
32	224	1
6	225	0
28	225	0
28	226	0
24	227	0
35	227	1
38	228	0
7	229	1
28	229	0
29	229	0
38	229	0
16	230	0
24	231	1
20	232	0
29	232	1
3	233	0
4	233	1
6	233	1
11	233	1
22	233	0
2	234	1
22	235	0
4	236	0
9	236	1
24	236	0
18	237	0
26	237	0
31	237	1
7	238	0
16	238	0
36	238	0
38	238	0
3	239	0
38	240	0
3	241	0
5	241	0
19	241	1
33	241	0
38	242	0
5	243	0
11	243	0
27	244	0
3	245	1
5	245	0
33	245	0
4	246	0
3	247	0
19	248	0
20	248	0
24	248	0
30	248	1
28	249	0
29	249	1
31	250	0
22	251	0
24	252	0
22	253	0
18	254	1
17	255	1
18	255	1
3	256	0
22	256	0
1	257	0
5	257	1
7	257	1
18	258	0
17	259	0
19	259	0
24	260	0
29	260	0
33	260	0
19	261	0
37	261	0
24	262	0
27	262	0
31	263	0
21	264	0
38	264	0
12	265	0
34	265	0
22	266	0
6	267	1
24	267	0
30	267	0
39	267	1
9	268	1
20	268	0
10	269	0
1	270	0
20	270	1
24	270	0
10	271	0
15	271	1
28	271	0
3	272	1
28	273	1
13	274	0
22	275	0
39	276	0
12	277	0
38	278	1
18	279	1
1	280	1
0	281	0
7	282	0
19	282	1
28	282	0
16	283	0
28	284	1
39	284	0
3	285	0
10	285	0
11	285	0
26	285	0
30	285	0
6	286	0
29	286	1
36	286	0
2	287	0
6	288	0
7	288	0
20	288	0
28	288	0
0	289	0
6	289	0
18	289	1
19	289	1
28	289	0
11	290	1
18	290	0
22	290	0
33	290	0
7	291	0
34	291	0
18	292	1
28	292	0
38	292	0
22	293	0
38	293	0
7	294	0
30	294	1
31	294	0
38	294	1
21	295	1
3	296	0
6	296	0
32	296	1
38	296	0
0	297	0
16	298	0
24	299	0
35	299	0
38	299	0
15	300	0
33	300	0
5	301	0
22	302	1
36	302	0
17	303	1
26	304	1
28	304	0
7	305	0
32	305	1
0	306	1
9	306	1
29	306	1
28	307	0
29	307	1
7	308	1
22	308	1
38	308	1
6	309	1
31	310	0
18	311	1
3	312	0
7	312	0
29	312	0
3	313	1
6	314	0
20	314	1
30	314	1
36	314	0
4	315	1
15	315	0
16	316	0
24	316	0
33	316	0
2	317	0
38	318	0
27	319	1
33	320	0
3	321	0
7	321	1
18	321	0
7	322	0
11	323	1
34	323	0
26	324	1
30	325	0
17	326	0
26	326	0
17	327	0
20	327	0
21	327	0
7	328	0
16	328	0
3	329	0
31	329	0
9	330	1
27	331	0
9	332	0
20	332	1
23	332	1
1	333	0
5	334	0
19	334	0
26	334	0
0	335	0
17	335	0
28	335	0
10	336	0
7	337	1
0	338	1
18	339	1
3	340	0
5	340	1
22	340	0
38	340	0
17	341	0
3	342	0
22	342	0
18	343	0
30	343	0
33	343	1
16	344	1
19	345	0
28	345	0
29	345	1
24	346	0
31	346	1
11	347	1
20	347	1
26	347	1
17	348	0
20	348	0
21	349	1
29	350	1
31	350	1
11	351	0
19	351	0
38	351	0
7	352	0
33	352	0
3	353	0
15	354	1
23	354	1
6	355	0
17	355	0
27	355	0
33	355	0
6	356	0
26	357	0
11	358	0
16	359	0
25	359	0
9	360	0
16	361	0
24	361	0
31	361	0
39	362	0
28	363	0
32	363	1
39	364	0
38	365	0
7	366	0
36	366	0
6	367	0
19	367	0
22	367	0
30	367	0
21	368	0
18	369	0
32	369	0
22	370	0
3	371	1
22	371	0
4	372	0
9	372	0
20	372	0
28	373	0
6	374	0
19	375	1
21	375	0
4	376	0
7	377	0
20	377	0
29	377	1
30	377	1
5	378	0
30	378	1
3	379	1
18	379	1
38	380	0
18	381	1
21	381	1
29	381	0
18	382	1
38	382	0
5	383	1
18	383	1
24	384	0
29	384	1
39	384	0
24	385	0
31	385	0
0	386	0
19	386	0
38	386	0
3	387	1
6	388	0
22	388	0
11	389	1
28	389	0
29	390	1
18	391	0
24	391	0
7	392	0
16	393	0
13	394	0
13	395	1
38	396	0
39	396	0
11	397	1
28	397	0
4	398	0
26	398	0
31	399	0
33	399	1
16	400	0
29	400	1
29	401	0
6	402	0
22	403	0
3	404	0
20	404	0
28	404	0
29	404	0
38	404	0
27	405	0
16	406	1
30	407	1
18	408	1
39	408	1
4	409	0
23	409	0
6	410	0
7	410	0
17	410	1
28	410	0
7	411	0
24	411	0
30	411	0
21	412	1
22	413	0
39	413	1
15	414	0
22	415	0
36	416	0
7	417	1
0	418	0
4	418	0
19	418	0
7	419	0
12	419	0
19	419	0
5	420	0
18	420	1
39	421	1
5	422	0
16	422	1
37	422	1
20	423	0
33	423	1
11	424	1
30	424	0
38	425	0
25	426	0
20	427	1
17	428	1
14	429	1
0	430	0
6	430	1
20	430	0
22	430	0
24	430	0
33	430	1
30	431	0
30	432	0
39	433	0
10	434	1
27	434	0
33	434	1
20	435	0
4	436	1
9	436	0
24	436	0
32	436	0
33	436	0
5	437	1
20	437	0
29	437	1
12	438	0
35	439	0
5	440	1
22	440	0
24	440	0
25	440	0
39	440	1
38	441	0
19	442	0
4	443	0
38	443	0
39	443	0
5	444	0
38	444	0
7	445	0
22	445	0
24	446	0
30	446	0
18	447	1
36	447	0
28	448	0
7	449	0
15	449	0
26	449	1
28	450	0
22	451	0
20	452	1
28	452	1
25	453	1
22	454	0
22	455	0
7	456	0
11	457	0
24	457	0
12	458	0
29	459	0
27	460	0
19	461	0
22	461	1
1	462	1
24	463	0
29	464	0
4	465	0
20	465	0
32	466	0
35	466	0
38	466	0
28	467	0
12	468	0
19	468	1
15	469	0
20	469	0
7	470	0
4	471	0
5	471	0
6	471	1
10	471	0
20	471	1
36	471	0
29	472	1
15	473	0
20	473	1
5	474	0
12	474	0
28	474	0
29	474	0
31	475	0
39	475	0
19	476	0
19	477	0
3	478	1
4	478	0
18	478	1
19	478	1
34	478	1
6	479	1
11	479	0
4	480	0
11	480	0
28	480	0
3	481	0
20	482	0
26	483	1
38	483	0
16	484	1
31	484	0
11	485	0
30	485	1
39	486	0
19	487	0
18	488	1
22	488	0
0	489	1
17	489	0
26	489	0
29	489	0
30	489	1
0	490	1
4	490	0
33	490	1
39	490	1
6	491	0
16	491	0
39	491	1
32	492	0
14	493	1
1	494	1
9	495	1
16	495	0
26	496	0
11	497	1
6	498	1
22	498	0
28	498	0
6	499	0
20	499	0
7	500	0
9	501	0
15	501	0
28	501	0
30	501	1
38	501	0
35	502	0
30	503	1
9	504	0
16	504	1
19	504	0
5	505	0
19	506	0
24	506	0
6	507	1
11	507	1
33	507	0
36	507	1
3	508	0
15	508	0
21	508	0
31	509	0
6	510	1
6	511	0
11	511	0
38	511	1
4	512	1
26	512	0
17	513	0
20	514	1
28	515	0
23	516	0
18	517	0
28	517	0
38	517	0
26	518	0
24	519	0
34	519	0
39	520	0
38	521	0
19	522	0
29	522	1
4	523	0
38	523	1
14	524	1
9	525	0
13	526	1
4	527	0
38	528	1
7	529	1
38	529	1
0	530	0
3	530	0
19	530	0
39	530	0
19	531	0
27	531	1
31	531	0
16	532	0
20	533	0
30	533	0
5	534	0
2	535	0
5	536	0
29	536	0
32	536	0
5	537	0
18	537	1
3	538	0
5	539	0
7	540	1
20	540	0
28	540	0
38	541	0
21	542	1
17	543	0
18	543	1
28	543	0
32	543	0
12	544	0
22	544	0
24	544	0
29	544	0
3	545	0
5	545	0
24	545	0
20	546	1
23	546	1
16	547	0
30	548	1
38	548	1
24	549	0
30	549	0
6	550	0
11	550	1
16	550	0
28	550	1
38	550	1
0	551	1
4	551	0
3	552	1
32	553	0
28	554	1
38	555	0
5	556	0
29	556	1
32	557	0
0	558	1
29	558	0
9	559	0
38	559	0
20	560	1
5	561	0
31	562	0
38	562	1
20	563	1
3	564	0
22	564	0
28	564	1
30	564	1
18	565	0
37	565	0
13	566	0
4	567	0
5	567	0
7	568	0
21	568	0
3	569	0
24	569	0
39	569	1
8	570	0
6	571	0
30	571	0
22	572	0
27	573	0
28	573	0
30	573	1
10	574	0
30	575	0
1	576	1
20	577	0
20	578	1
37	578	0
1	579	1
18	580	0
34	581	1
24	582	1
23	583	0
28	584	0
33	584	1
30	585	0
9	586	0
38	587	0
13	588	0
18	589	0
22	589	1
33	589	0
33	590	0
32	591	0
38	591	0
18	592	1
35	592	0
19	593	0
9	594	1
20	594	1
26	595	0
21	596	1
38	596	1
10	597	1
22	598	0
31	598	0
13	599	0
19	599	0
22	599	0
6	600	0
7	600	0
9	601	0
18	601	1
4	602	0
6	602	1
29	602	1
31	602	0
33	602	0
34	602	1
7	603	1
22	604	0
24	604	0
20	605	0
9	606	0
0	607	1
5	607	0
11	607	0
12	607	0
39	607	0
29	608	1
36	608	1
2	609	0
4	610	0
21	611	0
33	611	0
3	612	0
30	612	0
33	612	0
18	613	0
19	613	0
22	613	0
12	614	0
38	614	0
15	615	0
9	616	1
15	616	1
15	617	0
26	617	1
19	618	1
26	618	0
38	618	1
39	618	1
20	619	0
22	619	0
15	620	0
34	621	0
3	622	0
18	623	0
11	624	1
19	624	1
7	625	0
35	625	0
20	626	0
30	626	0
6	627	1
17	627	0
22	627	0
18	628	1
28	629	0
30	629	0
22	630	1
15	631	0
24	631	0
11	632	0
28	633	0
38	634	1
38	635	0
4	636	0
19	636	0
28	636	0
33	636	1
39	636	0
10	637	0
19	638	0
18	639	0
39	640	1
9	641	0
29	642	0
3	643	0
27	644	0
29	645	0
32	645	0
39	646	1
7	647	0
31	647	0
39	647	1
15	648	0
18	648	1
24	648	0
39	649	1
4	650	1
16	650	0
39	650	0
7	651	0
22	651	1
23	651	0
24	651	0
29	651	0
19	652	0
24	652	0
26	653	0
33	653	0
18	654	0
16	655	0
4	656	0
0	657	1
3	657	1
6	657	1
24	657	0
32	657	0
38	657	0
31	658	0
30	659	0
5	660	0
6	660	0
36	660	0
33	661	0
6	662	0
33	662	1
36	662	0
0	663	0
33	663	0
12	664	0
18	664	0
24	664	0
26	664	0
28	664	0
7	665	1
28	665	1
24	666	0
4	667	0
19	667	0
32	667	1
1	668	0
22	669	0
13	670	0
1	671	0
22	671	0
6	672	0
23	672	0
38	672	0
11	673	1
24	673	0
6	674	0
11	675	0
16	675	0
18	675	1
30	675	0
7	676	0
37	676	0
29	677	1
29	678	0
11	679	1
28	680	0
3	681	1
18	681	1
38	681	1
18	682	1
11	683	0
12	683	0
24	683	0
28	683	0
9	684	0
29	684	0
30	684	0
24	685	0
12	686	1
22	686	0
24	686	1
28	686	0
32	686	0
20	687	1
22	687	1
6	688	1
15	688	0
28	689	0
4	690	0
21	691	0
3	692	1
19	692	1
33	692	0
17	693	0
28	693	1
9	694	0
38	695	0
4	696	1
28	696	0
19	697	0
28	697	0
36	697	0
3	698	1
29	698	1
30	698	0
0	699	1
29	700	1
30	700	1
30	701	1
24	702	1
31	702	0
21	703	0
23	704	0
7	705	0
22	705	0
33	705	0
33	706	0
33	707	0
0	708	0
39	708	1
38	709	1
29	710	1
38	710	0
26	711	1
29	712	0
32	713	0
5	714	0
22	715	0
8	716	0
27	716	0
29	716	0
34	717	0
9	718	1
19	718	0
22	719	0
20	720	0
11	721	1
20	721	0
24	722	0
26	723	0
33	723	1
15	724	0
22	724	1
5	725	0
32	725	0
39	725	0
7	726	0
11	726	0
18	727	0
3	728	0
21	728	0
26	728	1
27	728	0
11	729	0
7	730	0
12	730	0
37	731	0
38	732	0
30	733	0
32	733	1
37	734	0
32	735	0
7	736	0
33	736	1
0	737	0
3	737	1
38	737	0
5	738	1
14	739	1
5	740	0
16	740	1
26	740	0
37	740	1
38	741	1
7	742	1
29	742	1
35	742	1
24	743	1
14	744	0
21	744	1
3	745	0
9	745	0
22	745	1
18	746	0
32	747	0
13	748	1
5	749	0
25	749	0
28	749	1
18	750	1
22	751	0
28	751	0
30	751	0
37	751	0
38	751	0
7	752	0
20	752	1
29	752	1
22	753	0
28	753	0
36	753	0
18	754	1
18	755	1
9	756	0
19	757	1
13	758	1
16	759	1
17	759	0
20	759	0
37	759	0
6	760	0
19	760	0
28	760	0
2	761	1
18	762	0
39	763	0
18	764	0
33	764	1
39	765	1
33	766	0
4	767	0
6	767	0
11	768	0
29	768	0
20	769	1
7	770	0
11	770	0
36	770	0
11	771	1
22	771	0
7	772	1
33	772	1
4	773	0
17	773	0
19	773	0
1	774	0
11	774	1
24	774	0
30	774	0
21	775	0
29	775	1
38	776	0
0	777	1
24	777	0
31	777	1
20	778	0
1	779	0
0	780	0
29	780	0
4	781	0
19	781	0
11	782	0
24	782	1
7	783	1
30	783	1
22	784	0
31	784	0
31	785	1
33	785	0
31	786	0
22	787	0
26	787	0
22	788	0
24	788	0
30	788	1
24	789	0
30	789	0
39	789	0
3	790	0
11	790	0
18	790	1
20	790	1
24	790	1
30	791	0
34	791	0
20	792	0
33	793	0
35	793	0
12	794	0
17	794	1
29	794	1
18	795	1
29	795	0
18	796	0
26	796	1
5	797	0
6	797	0
32	797	0
7	798	1
1	799	1
29	800	0
39	800	0
12	801	0
28	802	0
29	802	1
38	802	0
7	803	1
9	803	1
3	804	0
16	804	0
3	805	0
4	805	0
7	805	0
18	805	0
30	805	0
7	806	0
18	806	0
24	807	0
26	807	0
28	807	0
29	807	0
22	808	1
16	809	1
24	809	1
38	810	0
22	811	0
26	811	1
15	812	1
31	812	0
33	812	0
33	813	0
38	813	0
6	814	0
20	814	0
8	815	0
18	816	1
19	816	0
26	816	1
12	817	0
29	817	0
9	818	0
24	818	0
26	819	0
4	820	0
21	820	1
24	820	1
7	821	0
0	822	0
30	822	1
32	822	0
7	823	0
10	824	0
4	825	0
24	825	1
9	826	0
12	826	0
1	827	0
5	827	0
29	827	0
4	828	1
38	828	0
10	829	1
19	829	0
28	829	0
30	829	1
38	829	0
37	830	0
11	831	0
7	832	1
23	833	0
22	834	1
28	834	0
21	835	0
24	835	0
28	835	0
29	835	0
30	835	1
33	835	0
5	836	0
4	837	0
5	837	0
6	837	0
17	837	0
25	837	0
30	838	0
30	839	0
19	840	0
3	841	0
21	842	0
4	843	0
12	843	0
5	844	0
28	845	0
29	845	0
31	845	0
4	846	0
11	846	1
3	847	0
28	848	0
3	849	0
16	849	0
19	849	0
20	849	0
4	850	0
9	850	0
22	850	1
33	850	1
30	851	1
10	852	0
2	853	1
2	854	1
36	855	0
4	856	0
28	857	0
25	858	1
7	859	0
11	859	1
18	859	1
0	860	0
5	861	0
24	861	1
25	862	1
27	863	0
22	864	0
36	864	0
19	865	0
30	865	1
5	866	1
16	867	1
32	867	1
16	868	0
20	869	0
20	870	1
36	871	0
33	872	0
7	873	0
25	874	1
31	875	1
26	876	0
11	877	0
31	878	0
12	879	0
16	880	0
20	881	0
28	881	0
32	881	0
38	881	1
6	882	0
6	883	1
7	884	0
24	884	0
30	884	1
12	885	0
5	886	0
38	886	0
18	887	0
7	888	0
9	889	0
15	890	1
18	891	0
3	892	0
38	893	0
17	894	1
20	894	0
24	895	0
16	896	0
35	897	1
5	898	0
12	898	1
18	898	0
18	899	0
19	899	1
31	899	0
38	899	0
6	900	0
35	901	0
15	902	1
17	902	1
26	902	0
19	903	0
16	904	0
35	904	1
38	904	0
3	905	0
36	906	0
24	907	0
38	907	0
24	908	0
27	908	0
33	908	0
3	909	0
9	910	0
29	910	0
35	910	0
27	911	0
28	912	0
38	913	0
24	914	0
33	914	1
39	914	0
3	915	0
24	915	0
4	916	0
26	916	0
6	917	0
26	918	0
3	919	0
20	919	0
16	920	0
26	920	0
21	921	0
24	921	0
30	921	1
6	922	0
32	922	0
5	923	1
33	923	0
26	924	1
31	925	0
24	926	1
30	926	0
3	927	0
3	928	0
33	928	0
29	929	0
12	930	0
33	930	0
23	931	0
28	932	0
0	933	1
10	934	0
13	935	0
24	936	0
3	937	0
4	938	0
33	939	0
7	940	0
15	940	0
28	940	0
33	940	1
19	941	0
34	941	1
23	942	0
29	942	0
33	942	1
3	943	0
20	944	0
24	944	0
39	944	1
5	945	0
28	945	0
29	945	1
12	946	0
6	947	0
22	948	1
27	948	0
13	949	0
7	950	0
15	950	0
38	950	0
3	951	0
28	952	1
5	953	0
13	953	0
17	953	1
16	954	0
33	954	0
21	955	0
32	955	0
3	956	0
20	956	0
29	956	0
32	957	1
5	958	0
20	958	1
28	958	0
20	959	0
5	960	0
29	960	0
16	961	1
33	961	0
4	962	0
29	962	1
30	963	0
3	964	0
3	965	1
19	965	0
29	965	1
16	966	1
30	966	0
31	966	0
17	967	0
27	967	1
28	967	0
18	968	1
19	968	0
38	968	0
0	969	1
19	969	0
19	970	1
32	970	0
19	971	0
22	971	1
22	972	0
28	972	0
33	972	1
39	972	0
24	973	0
29	973	1
39	973	0
0	974	1
24	974	0
18	975	1
19	975	0
24	975	1
38	975	0
0	976	0
7	976	1
18	977	1
29	977	0
24	978	0
29	978	0
30	978	0
1	979	0
30	979	1
32	979	0
19	980	0
29	980	0
32	980	0
38	980	0
4	981	0
29	981	0
26	982	0
16	983	0
4	984	0
28	984	0
33	984	0
16	985	1
39	985	0
5	986	0
28	987	0
30	988	0
19	989	0
24	989	0
29	989	1
1	990	0
7	991	0
19	991	1
29	991	0
38	991	0
7	992	1
11	993	1
30	993	0
33	994	0
6	995	0
35	995	0
4	996	1
18	996	0
15	997	0
20	998	0
33	998	0
35	998	0
29	999	0
17	1000	0
31	1000	0
32	1000	0
38	1000	0
26	1001	1
18	1002	0
20	1003	1
39	1003	1
4	1004	0
25	1004	0
38	1004	0
20	1005	1
26	1006	0
6	1007	0
32	1007	0
35	1007	0
39	1007	1
15	1008	0
39	1009	0
3	1010	1
11	1010	0
20	1011	0
39	1011	1
1	1012	1
32	1013	0
34	1013	0
6	1014	0
14	1015	0
6	1016	0
11	1016	0
9	1017	0
38	1017	0
33	1018	0
36	1018	1
11	1019	0
4	1020	0
17	1020	0
33	1020	0
24	1021	0
27	1022	1
19	1023	0
3	1024	0
31	1024	0
1	1025	1
6	1025	0
18	1026	0
20	1026	0
3	1027	0
9	1027	1
11	1028	1
38	1028	0
15	1029	1
22	1029	0
30	1029	0
33	1029	0
5	1030	1
11	1030	0
24	1030	0
18	1031	0
33	1031	0
4	1032	0
9	1032	0
12	1032	0
26	1033	1
31	1034	0
18	1035	1
3	1036	0
24	1036	0
26	1036	1
30	1036	0
32	1036	1
26	1037	0
3	1038	0
30	1038	1
6	1039	1
10	1039	0
31	1039	0
28	1040	1
29	1040	1
18	1041	0
20	1041	0
30	1041	0
33	1041	0
39	1041	0
16	1042	0
18	1042	0
29	1042	0
29	1043	0
32	1044	0
22	1045	0
7	1046	1
38	1046	0
22	1047	0
30	1047	0
4	1048	0
6	1048	0
38	1048	0
39	1048	1
4	1049	0
10	1050	0
22	1051	1
24	1051	0
11	1052	0
31	1052	0
5	1053	1
7	1053	1
38	1053	0
35	1054	0
18	1055	0
29	1055	0
29	1056	0
7	1057	1
4	1058	0
30	1058	0
7	1059	1
4	1060	0
18	1061	0
29	1061	1
3	1062	0
3	1063	0
28	1063	0
4	1064	0
23	1064	0
38	1064	1
24	1065	0
38	1065	0
0	1066	1
4	1067	0
5	1067	0
11	1067	1
20	1067	0
38	1068	0
13	1069	0
14	1070	0
5	1071	0
20	1071	1
29	1072	0
34	1072	0
10	1073	0
38	1073	0
39	1074	0
6	1075	1
18	1075	0
24	1076	0
26	1076	1
36	1076	0
16	1077	0
33	1078	0
37	1078	0
29	1079	1
22	1080	0
39	1080	0
12	1081	0
19	1081	0
33	1081	0
4	1082	0
7	1082	0
9	1082	0
26	1082	0
31	1082	0
12	1083	0
3	1084	0
7	1084	1
19	1084	0
25	1084	0
28	1085	0
38	1085	0
34	1086	1
29	1087	0
32	1087	0
30	1088	1
16	1089	0
28	1089	0
38	1089	0
12	1090	0
18	1090	0
19	1090	0
19	1091	1
26	1091	0
28	1091	0
9	1092	0
20	1093	0
29	1094	1
3	1095	0
7	1095	1
30	1095	0
17	1096	0
24	1096	0
28	1096	1
35	1096	1
37	1097	0
32	1098	0
38	1098	0
4	1099	1
13	1099	1
19	1099	1
20	1099	0
22	1100	1
29	1100	0
4	1101	0
9	1101	1
12	1101	0
24	1101	0
28	1101	0
3	1102	1
14	1103	0
18	1103	1
6	1104	1
9	1104	0
19	1104	0
21	1105	1
24	1105	1
26	1105	0
15	1106	1
29	1106	1
30	1106	1
38	1106	0
3	1107	0
11	1107	0
12	1107	0
18	1107	1
5	1108	0
12	1108	0
23	1109	0
9	1110	0
19	1110	0
33	1110	0
38	1110	0
28	1111	0
24	1112	0
30	1112	1
18	1113	0
27	1113	0
28	1113	0
7	1114	0
11	1114	1
17	1115	1
24	1115	0
28	1115	1
7	1116	0
30	1117	0
5	1118	0
18	1118	1
1	1119	0
20	1119	0
22	1120	0
30	1121	0
3	1122	0
6	1122	1
15	1122	0
17	1122	0
26	1123	0
16	1124	0
4	1125	0
1	1126	1
1	1127	0
4	1127	1
18	1127	1
19	1128	0
16	1129	1
27	1129	1
24	1130	0
26	1131	1
32	1131	1
0	1132	1
5	1132	0
18	1132	0
30	1132	0
24	1133	1
6	1134	0
24	1135	0
26	1136	0
4	1137	0
36	1138	1
39	1138	0
39	1139	0
29	1140	0
3	1141	1
24	1141	1
26	1141	0
38	1141	0
28	1142	1
36	1143	0
9	1144	0
38	1144	1
1	1145	0
3	1145	0
21	1145	0
7	1146	0
20	1146	0
38	1146	0
3	1147	0
9	1147	0
9	1148	0
17	1148	1
30	1148	1
36	1149	1
1	1150	0
19	1150	0
28	1150	0
24	1151	1
29	1151	1
16	1152	0
18	1152	1
37	1152	0
19	1153	1
4	1154	0
18	1154	1
0	1155	1
5	1155	0
29	1155	0
22	1156	1
20	1157	0
31	1158	0
11	1159	1
18	1159	0
35	1159	0
37	1160	0
4	1161	0
18	1161	1
16	1162	0
22	1162	0
31	1162	0
7	1163	1
19	1164	0
21	1164	1
3	1165	1
6	1165	1
15	1165	1
28	1165	0
35	1166	0
38	1166	1
38	1167	0
18	1168	0
38	1168	0
39	1168	0
36	1169	1
38	1169	0
19	1170	0
30	1170	0
36	1170	0
22	1171	1
4	1172	0
9	1172	0
21	1172	1
35	1172	0
28	1173	0
6	1174	0
38	1174	1
18	1175	1
38	1175	0
18	1176	0
16	1177	1
16	1178	0
11	1179	1
16	1180	0
24	1180	0
38	1180	0
0	1181	1
10	1181	0
12	1181	0
20	1181	0
18	1182	0
19	1182	0
22	1182	0
26	1182	1
20	1183	1
27	1183	1
12	1184	0
38	1184	0
20	1185	1
29	1185	0
6	1186	0
33	1186	1
7	1187	0
9	1187	0
16	1187	0
6	1188	0
20	1188	0
22	1189	1
6	1190	0
33	1190	1
22	1191	0
5	1192	1
5	1193	1
18	1193	0
30	1193	0
38	1193	1
0	1194	1
34	1194	0
7	1195	1
15	1195	0
31	1195	0
1	1196	0
21	1196	0
29	1196	0
30	1196	0
0	1197	0
9	1198	1
18	1198	0
20	1199	0
22	1200	0
20	1201	0
28	1201	0
30	1201	0
30	1202	1
29	1203	1
34	1204	1
0	1205	0
22	1205	0
38	1205	0
12	1206	0
29	1206	0
33	1206	0
27	1207	0
6	1208	0
11	1209	1
31	1210	0
30	1211	1
6	1212	0
19	1212	0
4	1213	0
19	1214	0
35	1214	0
28	1215	1
0	1216	1
18	1216	1
0	1217	0
10	1217	0
29	1218	0
18	1219	0
7	1220	0
12	1220	0
22	1220	0
1	1221	0
5	1221	0
32	1222	0
28	1223	0
20	1224	0
38	1224	0
3	1225	0
29	1225	0
33	1226	0
30	1227	0
39	1227	1
8	1228	0
18	1228	0
6	1229	1
9	1229	0
38	1229	1
21	1230	0
24	1230	0
26	1230	0
37	1230	0
38	1230	0
7	1231	0
31	1232	0
31	1233	1
3	1234	0
30	1234	0
7	1235	1
3	1236	0
0	1237	0
7	1237	0
29	1237	0
4	1238	1
0	1239	1
22	1239	1
3	1240	0
9	1241	1
7	1242	0
12	1243	0
16	1244	0
18	1244	1
20	1244	0
9	1245	0
39	1245	1
19	1246	0
21	1247	1
24	1247	1
11	1248	0
31	1248	0
35	1248	0
21	1249	0
24	1249	0
29	1250	0
3	1251	0
24	1251	0
26	1251	0
15	1252	0
15	1253	1
18	1253	0
29	1254	0
38	1254	0
20	1255	0
28	1255	1
0	1256	0
6	1256	0
24	1256	0
29	1256	1
35	1256	0
38	1256	0
22	1257	1
29	1257	0
7	1258	1
5	1259	0
11	1260	1
16	1260	0
27	1260	0
38	1260	0
24	1261	1
1	1262	0
24	1263	0
7	1264	1
17	1264	0
36	1264	0
19	1265	0
22	1265	0
39	1265	1
0	1266	1
38	1266	0
25	1267	0
18	1268	1
28	1268	0
30	1268	1
34	1268	0
24	1269	0
30	1269	1
33	1269	0
22	1270	0
32	1270	0
33	1270	0
22	1271	1
4	1272	0
15	1272	0
34	1272	1
36	1272	0
1	1273	0
4	1274	0
9	1274	0
3	1275	0
5	1275	0
10	1275	0
27	1275	0
18	1276	1
18	1277	0
29	1278	0
0	1279	1
3	1279	1
9	1279	1
29	1279	1
39	1279	1
16	1280	0
22	1280	1
24	1281	0
38	1282	0
0	1283	1
4	1284	0
17	1284	1
6	1285	0
7	1285	0
33	1285	0
4	1286	1
6	1287	0
18	1288	1
30	1288	1
15	1289	0
20	1289	1
7	1290	0
22	1291	0
26	1292	0
26	1293	0
38	1293	0
39	1293	0
14	1294	0
0	1295	1
6	1295	0
12	1295	0
30	1295	0
26	1296	1
31	1296	1
19	1297	0
28	1297	0
3	1298	0
5	1298	1
27	1298	1
39	1298	0
13	1299	0
7	1300	1
18	1300	0
33	1300	0
26	1301	1
38	1301	0
23	1302	0
6	1303	0
15	1303	0
20	1303	1
30	1303	0
9	1304	1
20	1304	0
18	1305	1
5	1306	0
22	1306	0
30	1306	0
5	1307	0
7	1307	1
32	1307	0
4	1308	1
9	1308	1
18	1309	0
6	1310	0
20	1310	1
38	1310	0
24	1311	1
16	1312	0
30	1313	0
33	1313	0
18	1314	0
21	1314	0
26	1314	0
38	1314	0
7	1315	0
30	1315	0
31	1315	0
16	1316	1
26	1316	0
28	1316	0
33	1316	1
0	1317	0
18	1318	0
25	1318	0
28	1318	0
19	1319	0
22	1319	0
23	1319	0
24	1319	0
28	1319	0
30	1320	0
24	1321	0
4	1322	0
3	1323	0
9	1323	0
18	1324	0
6	1325	0
11	1326	0
18	1326	1
21	1327	0
3	1328	0
26	1328	1
3	1329	1
6	1329	0
15	1329	0
20	1329	1
22	1329	0
29	1330	0
30	1330	0
39	1330	0
18	1331	0
21	1332	0
22	1332	0
18	1333	0
29	1334	0
39	1334	0
18	1335	1
3	1336	0
32	1336	0
38	1336	0
39	1336	1
36	1337	1
4	1338	0
18	1338	0
38	1338	0
3	1339	0
18	1340	0
22	1340	1
36	1340	0
24	1341	0
34	1341	0
0	1342	1
27	1342	1
4	1343	1
5	1343	0
19	1343	0
31	1343	0
7	1344	0
16	1344	1
20	1344	1
21	1344	0
29	1344	0
39	1344	0
19	1345	0
11	1346	0
7	1347	0
21	1347	0
29	1348	1
31	1348	0
1	1349	1
11	1350	0
27	1350	1
29	1351	0
16	1352	0
6	1353	0
24	1353	1
29	1353	0
6	1354	0
6	1355	1
16	1355	0
36	1355	0
6	1356	0
4	1357	0
5	1357	0
29	1357	1
21	1358	0
27	1359	0
2	1360	1
0	1361	1
17	1361	0
23	1361	0
29	1361	0
38	1361	0
24	1362	0
30	1362	1
17	1363	1
38	1363	1
17	1364	1
26	1365	0
35	1365	0
6	1366	1
18	1366	0
3	1367	1
9	1368	0
19	1369	0
34	1369	1
39	1369	0
4	1370	0
9	1370	0
28	1371	0
20	1372	0
34	1372	1
11	1373	1
19	1373	0
7	1374	1
20	1374	1
22	1374	0
30	1374	0
7	1375	0
20	1375	0
19	1376	0
38	1377	0
7	1378	0
3	1379	0
18	1379	1
35	1380	0
5	1381	0
22	1381	0
11	1382	0
30	1383	1
14	1384	0
3	1385	0
20	1385	0
33	1385	0
16	1386	0
18	1386	1
29	1386	0
7	1387	0
18	1387	0
24	1387	0
7	1388	0
30	1389	0
30	1390	0
19	1391	0
26	1391	0
2	1392	0
19	1393	1
3	1394	0
11	1395	1
22	1395	0
30	1395	0
9	1396	1
22	1396	1
24	1396	0
26	1396	0
18	1397	0
30	1398	0
33	1399	1
20	1400	1
29	1400	0
3	1401	0
39	1401	0
6	1402	0
37	1402	0
24	1403	0
4	1404	0
7	1404	1
38	1404	0
35	1405	0
18	1406	1
15	1407	0
7	1408	0
12	1408	0
31	1408	0
31	1409	0
7	1410	1
12	1410	1
30	1410	0
3	1411	0
3	1412	0
5	1412	0
7	1412	0
16	1413	0
29	1413	0
38	1414	0
27	1415	1
5	1416	0
20	1416	0
30	1416	0
11	1417	1
29	1417	0
3	1418	0
11	1418	1
20	1418	1
20	1419	1
35	1419	0
30	1420	1
18	1421	0
28	1421	0
29	1421	0
26	1422	1
9	1423	0
36	1423	0
4	1424	0
15	1424	0
19	1424	0
31	1425	0
28	1426	0
29	1426	1
38	1426	0
4	1427	0
5	1427	0
18	1427	1
9	1428	1
22	1428	0
17	1429	0
3	1430	0
5	1430	0
17	1431	0
28	1431	0
38	1431	0
37	1432	0
11	1433	1
36	1433	0
18	1434	1
29	1434	0
19	1435	0
26	1435	0
22	1436	0
27	1437	0
0	1438	1
18	1439	0
27	1439	1
33	1439	0
26	1440	0
29	1440	0
7	1441	0
19	1441	0
25	1441	0
5	1442	0
7	1442	1
16	1442	0
30	1442	1
34	1442	0
26	1443	1
1	1444	0
9	1445	1
19	1446	0
4	1447	0
3	1448	0
18	1448	0
30	1448	0
33	1449	0
34	1449	1
38	1449	0
3	1450	0
26	1450	0
30	1450	1
31	1450	0
4	1451	0
34	1452	0
4	1453	0
4	1454	0
29	1454	1
3	1455	0
7	1455	0
31	1455	0
38	1455	0
5	1456	0
6	1456	0
22	1456	0
5	1457	0
38	1457	0
0	1458	0
39	1459	0
17	1460	1
3	1461	0
7	1461	0
11	1462	1
22	1462	0
39	1462	1
29	1463	0
30	1463	1
31	1463	0
26	1464	0
35	1464	0
30	1465	0
17	1466	0
22	1466	0
29	1466	0
31	1466	1
3	1467	0
38	1467	0
18	1468	0
30	1468	0
33	1469	1
18	1470	1
38	1470	0
30	1471	0
30	1472	1
39	1473	1
34	1474	1
19	1475	1
33	1476	0
1	1477	1
28	1477	0
36	1477	0
20	1478	0
22	1478	1
35	1479	1
22	1480	0
17	1481	0
4	1482	0
9	1482	1
11	1482	1
19	1483	0
29	1484	1
7	1485	0
29	1485	0
30	1485	0
10	1486	0
23	1487	0
18	1488	0
20	1488	0
1	1489	0
26	1490	0
16	1491	1
38	1492	0
37	1493	0
7	1494	1
30	1494	0
24	1495	0
30	1495	0
38	1495	1
39	1495	0
4	1496	0
7	1497	0
24	1497	1
32	1498	0
16	1499	0
22	1499	0
25	1499	0
30	1499	0
26	1500	1
20	1501	1
24	1501	0
30	1501	0
8	1502	1
16	1502	0
20	1502	0
24	1503	0
30	1504	1
0	1505	0
4	1506	0
22	1507	0
31	1507	0
31	1508	0
18	1509	1
0	1510	0
19	1510	0
39	1511	1
31	1512	0
31	1513	1
4	1514	1
33	1514	0
12	1515	0
29	1515	0
3	1516	0
24	1516	0
26	1516	0
38	1517	0
22	1518	1
33	1518	0
22	1519	1
38	1520	1
19	1521	0
22	1521	0
22	1522	0
24	1522	0
22	1523	0
5	1524	0
7	1524	0
18	1525	0
20	1525	0
6	1526	0
21	1527	0
26	1528	0
3	1529	0
26	1529	1
15	1530	1
7	1531	0
18	1532	1
3	1533	0
5	1533	1
18	1533	0
11	1534	0
21	1534	0
38	1534	1
6	1535	0
39	1536	0
7	1537	0
29	1537	0
39	1537	0
6	1538	0
4	1539	0
19	1539	1
24	1539	0
3	1540	0
5	1540	1
18	1540	1
28	1541	0
5	1542	0
12	1542	0
33	1542	0
28	1543	0
19	1544	0
21	1544	0
27	1545	1
19	1546	0
39	1546	0
25	1547	1
38	1547	0
7	1548	0
29	1549	1
19	1550	0
9	1551	1
26	1551	1
26	1552	0
11	1553	1
24	1553	0
13	1554	0
30	1555	0
36	1555	0
3	1556	0
9	1557	0
12	1557	0
4	1558	0
15	1558	0
17	1558	1
20	1558	0
11	1559	0
38	1559	1
9	1560	1
20	1560	0
32	1560	0
4	1561	0
38	1561	1
9	1562	0
3	1563	0
7	1564	1
38	1564	1
18	1565	0
22	1565	0
16	1566	0
20	1566	1
21	1566	0
35	1566	0
9	1567	0
22	1567	0
28	1567	0
28	1568	0
30	1568	0
5	1569	0
9	1569	0
28	1569	0
29	1569	0
20	1570	1
21	1570	0
24	1571	0
20	1572	0
22	1572	0
26	1572	1
27	1573	1
38	1573	1
28	1574	0
30	1574	0
5	1575	1
35	1575	1
27	1576	1
28	1576	0
5	1577	0
18	1578	0
30	1578	1
4	1579	1
0	1580	0
7	1580	0
18	1580	0
3	1581	0
16	1581	0
27	1581	1
7	1582	0
15	1582	0
6	1583	0
17	1583	0
22	1584	1
9	1585	0
34	1585	1
23	1586	0
20	1587	1
22	1587	0
13	1588	0
24	1589	1
25	1589	1
30	1589	0
32	1590	1
36	1591	0
15	1592	1
18	1593	0
20	1593	0
21	1593	0
31	1593	0
39	1593	0
7	1594	1
17	1595	0
18	1595	0
18	1596	0
26	1596	0
37	1596	0
0	1597	1
18	1598	1
31	1599	0
4	1600	0
5	1600	0
9	1600	1
24	1600	1
5	1601	0
18	1601	0
30	1601	0
32	1601	0
30	1602	0
33	1603	0
18	1604	1
39	1604	0
5	1605	0
20	1606	1
30	1606	1
39	1606	0
31	1607	0
1	1608	1
5	1608	1
19	1608	1
0	1609	0
7	1610	1
11	1610	1
18	1610	0
36	1611	1
11	1612	1
24	1612	0
38	1612	0
33	1613	0
38	1613	1
16	1614	0
32	1615	0
19	1616	0
0	1617	0
11	1618	0
30	1619	0
7	1620	1
27	1620	1
30	1621	0
7	1622	0
18	1622	0
3	1623	0
29	1623	0
11	1624	1
24	1624	0
2	1625	1
4	1625	0
30	1625	0
36	1625	0
33	1626	0
38	1626	0
39	1626	1
27	1627	0
29	1627	0
30	1627	1
12	1628	0
20	1628	0
28	1628	0
3	1629	0
5	1629	0
19	1629	0
22	1629	0
25	1629	0
17	1630	0
21	1630	1
24	1631	0
4	1632	0
7	1632	0
5	1633	0
24	1634	0
19	1635	0
20	1635	0
30	1635	0
6	1636	0
22	1636	0
31	1636	0
16	1637	0
38	1637	0
7	1638	0
20	1638	0
33	1638	0
38	1638	1
6	1639	1
38	1639	0
4	1640	0
12	1640	0
31	1640	0
38	1640	1
0	1641	1
5	1641	0
38	1641	0
38	1642	1
3	1643	0
31	1643	0
18	1644	0
26	1645	0
18	1646	0
19	1646	0
28	1646	1
4	1647	0
7	1647	0
20	1648	0
20	1649	1
24	1649	0
24	1650	0
29	1650	1
38	1650	1
17	1651	0
6	1652	0
7	1652	0
19	1652	0
24	1652	0
12	1653	0
18	1654	0
20	1655	0
22	1655	0
26	1656	0
38	1656	0
7	1657	0
29	1658	0
16	1659	0
28	1659	0
33	1659	0
16	1660	1
18	1660	1
30	1660	1
38	1660	1
3	1661	0
20	1661	0
22	1661	0
6	1662	0
5	1663	0
21	1663	1
37	1664	0
24	1665	0
26	1665	0
0	1666	0
4	1667	0
7	1667	0
37	1667	1
4	1668	0
5	1669	1
8	1669	0
9	1669	0
17	1669	0
7	1670	0
19	1670	0
3	1671	0
12	1671	1
7	1672	0
19	1672	0
31	1673	0
12	1674	0
35	1675	0
11	1676	0
9	1677	0
28	1677	0
28	1678	0
29	1678	1
7	1679	1
11	1679	1
20	1679	1
30	1679	0
19	1680	0
33	1680	0
39	1680	1
25	1681	0
35	1682	0
0	1683	1
26	1683	0
28	1683	0
1	1684	0
3	1684	0
16	1685	0
11	1686	0
24	1686	0
38	1686	0
34	1687	0
39	1687	1
29	1688	0
26	1689	0
38	1689	0
4	1690	0
38	1690	0
7	1691	0
28	1692	0
16	1693	0
12	1694	0
28	1695	0
21	1696	1
32	1696	0
3	1697	0
4	1698	0
5	1698	0
19	1698	0
33	1698	0
19	1699	0
33	1699	0
38	1699	0
16	1700	1
18	1700	1
33	1700	1
4	1701	0
30	1702	0
3	1703	0
17	1703	0
26	1703	0
21	1704	0
23	1705	1
24	1706	1
6	1707	0
7	1707	0
25	1708	0
18	1709	0
20	1709	0
18	1710	0
33	1710	0
3	1711	0
16	1712	0
20	1713	0
3	1714	0
19	1714	0
24	1714	0
20	1715	0
0	1716	0
30	1716	0
39	1716	0
30	1717	0
7	1718	1
28	1718	0
31	1718	0
39	1719	1
11	1720	1
29	1721	0
32	1722	0
16	1723	0
20	1723	0
7	1724	0
19	1724	0
6	1725	0
21	1725	0
22	1725	1
26	1725	0
28	1725	0
33	1725	1
7	1726	0
24	1727	0
7	1728	0
22	1728	1
29	1728	0
39	1728	1
38	1729	0
4	1730	0
12	1730	0
7	1731	0
26	1731	1
30	1731	1
0	1732	0
21	1732	1
29	1732	0
24	1733	0
29	1733	0
38	1733	0
17	1734	1
37	1734	1
4	1735	0
5	1735	1
7	1735	1
11	1735	0
21	1736	0
0	1737	1
24	1737	1
33	1737	0
16	1738	0
18	1739	0
3	1740	0
24	1740	0
15	1741	1
18	1741	1
36	1741	0
25	1742	0
31	1743	0
28	1744	0
31	1744	1
33	1744	0
38	1745	0
3	1746	1
24	1746	1
29	1746	1
3	1747	0
9	1747	1
29	1747	1
34	1748	1
22	1749	0
35	1749	0
3	1750	0
7	1750	0
31	1750	0
33	1751	0
25	1752	0
29	1752	0
38	1752	1
12	1753	0
22	1754	1
28	1754	0
7	1755	0
18	1755	0
31	1755	0
39	1755	0
6	1756	1
7	1756	0
22	1756	0
6	1757	0
26	1758	0
7	1759	0
4	1760	1
18	1760	0
3	1761	0
7	1761	0
25	1761	1
26	1761	1
33	1761	0
38	1761	1
39	1761	1
38	1762	1
9	1763	0
20	1763	1
28	1763	0
19	1764	0
28	1764	0
31	1764	0
9	1765	0
4	1766	0
7	1766	0
11	1766	0
3	1767	0
19	1767	1
38	1767	0
26	1768	0
20	1769	1
11	1770	1
17	1771	0
28	1772	1
29	1772	0
35	1772	1
30	1773	0
33	1773	1
7	1774	0
11	1774	0
21	1774	0
0	1775	0
3	1775	1
31	1776	0
6	1777	0
16	1777	1
38	1777	0
0	1778	0
38	1779	1
0	1780	0
5	1780	0
18	1781	0
39	1781	0
0	1782	0
15	1782	1
1	1783	1
24	1783	0
17	1784	1
18	1784	0
33	1784	1
19	1785	1
20	1786	0
37	1786	0
6	1787	0
10	1787	0
25	1787	1
26	1788	1
29	1789	1
15	1790	1
17	1791	0
18	1791	0
7	1792	0
30	1792	0
3	1793	1
24	1793	0
35	1794	0
22	1795	0
39	1795	0
0	1796	1
39	1797	1
9	1798	0
26	1798	0
27	1798	0
5	1799	0
20	1799	0
7	1800	0
29	1800	0
24	1801	0
0	1802	0
3	1802	0
17	1802	0
22	1802	0
6	1803	1
7	1803	1
30	1803	1
11	1804	1
20	1804	0
35	1804	0
0	1805	0
29	1805	1
30	1806	1
22	1807	0
28	1807	0
4	1808	1
20	1808	0
11	1809	1
19	1809	0
20	1809	0
24	1810	0
16	1811	1
24	1811	1
38	1811	0
1	1812	0
20	1813	1
37	1813	1
26	1814	0
38	1814	0
17	1815	0
23	1816	1
20	1817	0
28	1817	0
32	1817	0
9	1818	1
15	1818	0
10	1819	0
39	1819	0
5	1820	0
24	1820	1
19	1821	0
21	1821	1
29	1822	0
32	1823	0
31	1824	0
21	1825	0
6	1826	0
19	1826	1
21	1827	0
28	1827	1
22	1828	0
30	1828	0
18	1829	0
28	1829	0
6	1830	1
33	1831	0
7	1832	0
30	1832	0
14	1833	0
5	1834	0
24	1835	0
33	1835	0
9	1836	0
5	1837	0
30	1837	1
24	1838	0
14	1839	0
5	1840	1
13	1841	0
3	1842	0
4	1843	1
25	1843	0
28	1843	0
35	1843	0
37	1843	0
7	1844	1
3	1845	0
21	1846	0
19	1847	0
3	1848	0
39	1848	0
4	1849	0
18	1849	0
25	1849	0
33	1849	0
3	1850	0
24	1850	0
3	1851	1
4	1852	0
34	1852	0
19	1853	0
27	1853	0
9	1854	1
28	1854	0
38	1854	0
19	1855	1
26	1856	1
38	1857	0
1	1858	1
21	1858	0
29	1858	0
30	1858	1
7	1859	1
38	1859	1
12	1860	0
6	1861	0
30	1861	0
4	1862	0
5	1862	0
7	1862	0
38	1862	0
22	1863	1
33	1864	1
7	1865	0
0	1866	0
4	1866	0
19	1866	0
28	1866	0
30	1866	0
20	1867	0
38	1867	1
12	1868	0
5	1869	0
30	1869	1
31	1869	0
38	1869	0
21	1870	1
4	1871	0
10	1872	0
26	1872	0
33	1873	0
17	1874	0
24	1874	0
12	1875	0
28	1875	0
29	1875	0
31	1875	0
18	1876	0
28	1876	0
12	1877	0
10	1878	0
24	1878	0
38	1878	0
24	1879	0
24	1880	0
28	1880	0
1	1881	1
38	1881	1
31	1882	1
3	1883	0
22	1883	0
9	1884	1
26	1884	0
27	1885	0
29	1886	0
5	1887	0
17	1887	0
19	1887	0
26	1887	0
36	1887	0
1	1888	0
7	1889	1
18	1889	0
0	1890	0
38	1891	1
20	1892	1
28	1892	0
36	1892	1
38	1892	0
38	1893	1
22	1894	0
24	1895	1
4	1896	0
0	1897	0
17	1898	1
18	1898	0
6	1899	0
7	1899	1
18	1899	0
34	1899	1
5	1900	0
27	1901	1
19	1902	0
16	1903	0
31	1903	0
7	1904	0
29	1905	0
19	1906	0
34	1906	0
29	1907	0
33	1908	1
0	1909	1
3	1909	1
30	1909	0
8	1910	0
29	1910	0
30	1910	0
7	1911	1
9	1911	1
7	1912	1
19	1912	0
20	1912	0
0	1913	1
24	1913	1
34	1913	1
38	1914	0
12	1915	1
30	1916	0
39	1916	0
20	1917	1
22	1917	0
38	1917	0
19	1918	0
28	1918	0
26	1919	1
4	1920	0
39	1921	1
16	1922	0
20	1923	1
33	1923	1
32	1924	0
7	1925	0
20	1925	1
7	1926	0
15	1927	0
16	1928	0
33	1928	1
0	1929	1
6	1930	0
32	1930	0
15	1931	0
18	1931	1
29	1931	1
31	1931	0
36	1931	0
5	1932	0
7	1933	1
15	1933	0
18	1934	1
24	1934	0
22	1935	0
19	1936	0
1	1937	1
39	1938	0
6	1939	0
29	1939	1
33	1939	0
33	1940	0
5	1941	1
17	1941	0
31	1941	0
30	1942	0
33	1942	1
11	1943	1
12	1944	0
13	1944	0
11	1945	0
39	1945	0
26	1946	1
28	1946	1
6	1947	1
12	1947	1
39	1947	1
33	1948	0
11	1949	1
7	1950	0
18	1950	0
22	1950	1
38	1950	0
22	1951	0
38	1951	0
23	1952	1
26	1953	0
18	1954	0
28	1954	0
24	1955	0
4	1956	1
7	1956	0
18	1956	1
4	1957	1
18	1957	0
37	1957	0
28	1958	0
38	1959	1
7	1960	0
35	1960	0
5	1961	0
12	1961	0
17	1961	0
20	1961	0
33	1961	0
3	1962	0
5	1963	1
9	1963	0
30	1963	1
35	1963	0
38	1964	0
5	1965	0
22	1965	0
39	1965	0
6	1966	0
3	1967	1
29	1968	0
11	1969	0
7	1970	1
9	1970	0
18	1970	1
4	1971	0
30	1971	1
30	1972	1
15	1973	1
35	1974	0
28	1975	1
32	1976	1
28	1977	0
3	1978	0
19	1978	1
22	1978	0
24	1978	1
34	1978	0
5	1979	1
0	1980	0
17	1980	0
1	1981	0
18	1981	1
4	1982	0
6	1982	0
5	1983	0
19	1983	0
26	1983	0
22	1984	0
29	1985	1
38	1986	1
9	1987	1
33	1987	0
29	1988	0
20	1989	0
29	1989	0
22	1990	0
6	1991	0
22	1991	0
33	1991	0
38	1991	0
12	1992	0
29	1992	0
7	1993	0
20	1994	0
21	1994	1
5	1995	0
29	1995	0
15	1996	0
21	1996	0
6	1997	0
20	1997	1
12	1998	1
22	1998	0
24	1998	0
30	1998	0
7	1999	0
20	1999	0
26	1999	1
5	2000	1
15	2000	0
16	2000	1
0	2001	1
16	2001	1
28	2001	1
29	2001	0
24	2002	0
38	2002	1
30	2003	0
0	2004	0
11	2005	0
17	2005	0
24	2005	0
39	2005	0
20	2006	1
28	2006	0
38	2007	0
11	2008	1
20	2008	0
26	2008	0
25	2009	0
17	2010	0
20	2010	1
33	2010	0
18	2011	0
4	2012	0
4	2013	0
7	2013	0
18	2013	0
30	2013	1
6	2014	0
18	2014	1
20	2014	0
6	2015	1
12	2015	0
38	2015	0
18	2016	1
38	2016	0
20	2017	0
7	2018	0
4	2019	1
22	2019	1
4	2020	0
0	2021	1
4	2021	0
5	2021	0
19	2021	0
21	2021	0
32	2021	0
36	2021	0
30	2022	1
3	2023	0
10	2023	0
29	2024	0
33	2024	1
15	2025	1
38	2025	0
22	2026	1
0	2027	1
7	2027	1
24	2028	0
29	2028	0
30	2028	0
31	2028	0
33	2028	1
38	2028	1
22	2029	0
4	2030	0
12	2031	1
7	2032	1
26	2032	0
28	2032	0
7	2033	0
22	2033	0
33	2033	1
26	2034	0
5	2035	0
7	2035	0
18	2035	0
38	2035	0
3	2036	0
26	2036	0
28	2037	0
20	2038	0
10	2039	0
33	2039	1
20	2040	1
11	2041	0
24	2042	0
29	2042	0
20	2043	0
26	2043	0
38	2044	1
0	2045	1
4	2046	0
26	2046	0
6	2047	0
7	2047	0
38	2047	1
16	2048	0
24	2048	0
17	2049	0
24	2049	1
1	2050	0
26	2050	0
6	2051	0
12	2052	0
4	2053	0
6	2053	0
11	2053	0
22	2053	1
38	2054	0
22	2055	1
26	2055	1
1	2056	1
5	2057	0
16	2057	0
25	2057	1
26	2057	1
29	2057	1
37	2057	0
0	2058	0
4	2058	0
38	2058	0
19	2059	0
21	2059	0
39	2059	1
16	2060	0
27	2060	0
38	2060	0
0	2061	1
20	2061	1
29	2061	0
38	2061	0
3	2062	0
18	2062	0
20	2062	1
29	2062	0
37	2062	0
39	2062	0
28	2063	0
29	2063	1
9	2064	0
18	2064	1
22	2064	0
26	2064	1
38	2064	0
18	2065	1
25	2065	1
29	2065	1
30	2065	0
31	2065	0
35	2065	0
33	2066	1
6	2067	0
5	2068	1
17	2068	0
33	2068	1
11	2069	0
17	2069	0
24	2070	0
9	2071	0
19	2072	0
6	2073	0
17	2073	0
19	2073	0
22	2074	0
29	2074	1
36	2074	0
38	2074	0
28	2075	0
4	2076	1
26	2077	0
9	2078	0
5	2079	1
12	2079	1
16	2079	1
29	2079	1
37	2080	1
10	2081	0
18	2082	0
22	2082	1
28	2082	0
4	2083	0
7	2083	0
26	2083	0
29	2083	0
30	2083	0
38	2083	0
22	2084	0
24	2084	0
28	2084	0
28	2085	0
24	2086	0
1	2087	0
34	2088	1
31	2089	0
38	2089	0
39	2089	0
29	2090	0
29	2091	0
32	2091	1
3	2092	1
11	2092	1
38	2093	0
20	2094	1
0	2095	0
7	2096	0
18	2096	1
22	2096	0
28	2096	0
18	2097	1
31	2097	1
6	2098	1
29	2098	1
29	2099	0
0	2100	0
3	2100	0
12	2100	0
24	2100	0
26	2100	0
28	2100	0
18	2101	0
22	2101	0
39	2101	0
0	2102	0
15	2103	1
18	2104	0
20	2104	0
24	2104	0
17	2105	0
18	2106	0
20	2106	0
6	2107	0
28	2107	0
4	2108	0
11	2108	0
17	2108	1
19	2109	0
12	2110	0
29	2110	0
15	2111	0
38	2112	1
7	2113	0
18	2113	0
29	2113	0
31	2113	0
28	2114	0
2	2115	0
7	2116	0
18	2116	1
4	2117	0
24	2117	0
33	2117	1
5	2118	0
7	2118	0
31	2118	0
37	2118	1
2	2119	0
16	2120	0
0	2121	0
29	2121	0
31	2121	0
37	2121	0
38	2121	1
18	2122	0
28	2122	1
38	2122	1
6	2123	0
28	2123	1
16	2124	1
35	2125	0
5	2126	0
6	2126	0
24	2126	1
29	2127	0
12	2128	0
24	2128	1
30	2128	0
3	2129	0
9	2129	0
31	2129	0
36	2129	1
4	2130	0
15	2131	0
5	2132	1
3	2133	0
18	2133	0
39	2133	0
20	2134	0
9	2135	1
28	2135	0
26	2136	0
30	2136	1
5	2137	0
19	2137	0
3	2138	0
29	2138	0
6	2139	0
7	2139	1
25	2139	0
39	2139	0
0	2140	0
5	2140	0
24	2140	0
22	2141	1
33	2141	0
35	2141	1
15	2142	0
28	2143	0
29	2143	0
0	2144	1
30	2145	1
22	2146	0
29	2146	1
7	2147	0
28	2147	0
34	2148	1
5	2149	0
7	2149	0
31	2149	0
1	2150	0
18	2150	1
30	2150	1
15	2151	0
17	2151	0
20	2151	0
26	2151	1
27	2152	0
21	2153	0
33	2153	0
28	2154	1
19	2155	0
28	2155	0
3	2156	0
19	2156	0
31	2156	0
26	2157	0
11	2158	0
38	2158	0
19	2159	0
39	2159	1
3	2160	0
33	2160	0
4	2161	0
6	2162	0
12	2162	1
19	2162	1
33	2162	1
38	2163	1
7	2164	0
0	2165	0
9	2165	1
7	2166	1
15	2166	0
16	2166	1
37	2166	0
39	2166	1
6	2167	1
24	2168	1
35	2169	1
24	2170	0
27	2170	1
18	2171	0
38	2171	0
24	2172	0
30	2173	0
26	2174	1
6	2175	1
2	2176	1
0	2177	0
17	2177	0
33	2177	0
7	2178	1
26	2178	0
35	2179	1
9	2180	0
17	2180	1
5	2181	0
28	2181	0
17	2182	0
22	2183	0
19	2184	0
28	2184	1
5	2185	1
22	2185	1
16	2186	0
30	2186	1
38	2186	0
24	2187	0
28	2187	0
29	2187	0
18	2188	0
20	2188	1
28	2188	0
3	2189	0
29	2189	0
19	2190	0
30	2190	0
7	2191	1
15	2192	1
8	2193	0
5	2194	0
7	2194	0
11	2194	1
22	2194	0
24	2194	0
26	2194	0
7	2195	0
3	2196	1
13	2196	0
17	2196	1
16	2197	0
22	2197	0
28	2197	0
5	2198	0
30	2199	0
3	2200	0
6	2200	0
25	2200	0
26	2200	1
33	2200	0
1	2201	0
7	2201	0
12	2201	0
38	2201	0
12	2202	1
1	2203	0
5	2203	0
16	2203	0
33	2203	0
18	2204	1
32	2204	0
15	2205	1
20	2205	1
11	2206	0
27	2206	0
32	2206	0
36	2206	0
20	2207	0
13	2208	0
38	2209	1
30	2210	1
5	2211	0
9	2211	0
20	2211	1
20	2212	0
7	2213	0
19	2214	0
33	2214	1
39	2214	1
3	2215	1
7	2215	1
20	2215	0
36	2216	0
7	2217	0
24	2217	0
38	2218	0
3	2219	0
38	2219	1
39	2219	1
7	2220	1
18	2220	0
5	2221	0
20	2221	0
38	2221	0
15	2222	1
24	2222	0
30	2222	0
31	2222	0
3	2223	0
15	2223	1
33	2223	0
5	2224	0
20	2224	0
29	2224	0
19	2225	0
16	2226	0
21	2226	1
22	2226	0
5	2227	1
7	2227	1
33	2228	1
21	2229	0
24	2229	0
1	2230	0
28	2230	0
30	2230	0
35	2231	0
28	2232	0
20	2233	1
33	2233	0
4	2234	0
6	2234	1
7	2235	1
26	2235	1
16	2236	1
19	2237	0
12	2238	0
22	2239	1
26	2239	1
3	2240	0
6	2241	0
18	2241	0
29	2241	0
11	2242	0
3	2243	0
19	2243	0
26	2244	0
18	2245	1
38	2245	1
16	2246	1
4	2247	0
17	2247	0
18	2247	0
20	2247	1
38	2247	0
5	2248	0
9	2249	1
24	2250	0
3	2251	1
7	2252	0
18	2252	0
3	2253	0
28	2253	0
22	2254	0
24	2255	0
25	2256	1
5	2257	0
3	2258	0
30	2258	0
5	2259	0
17	2260	1
22	2260	0
20	2261	1
26	2261	0
33	2261	0
7	2262	0
19	2263	1
11	2264	0
22	2264	0
28	2264	0
30	2265	0
38	2265	0
4	2266	0
20	2266	0
23	2266	0
17	2267	1
18	2267	0
22	2267	0
28	2267	0
5	2268	0
4	2269	0
33	2269	0
7	2270	0
18	2270	0
37	2271	1
24	2272	0
29	2272	0
6	2273	0
30	2273	0
20	2274	0
5	2275	1
13	2276	1
30	2276	0
35	2276	0
38	2276	0
36	2277	0
10	2278	0
16	2279	1
17	2279	1
3	2280	0
12	2280	0
21	2280	1
12	2281	0
16	2282	0
20	2282	0
31	2282	0
22	2283	1
32	2284	0
1	2285	0
20	2285	0
29	2285	0
7	2286	0
30	2286	0
38	2287	0
6	2288	0
5	2289	0
7	2289	1
34	2289	0
30	2290	0
36	2290	0
30	2291	0
11	2292	0
18	2292	0
39	2292	0
30	2293	1
7	2294	0
26	2294	0
33	2294	0
5	2295	0
26	2295	1
6	2296	0
6	2297	0
30	2297	0
9	2298	0
11	2299	0
22	2299	1
26	2299	0
5	2300	1
25	2300	1
21	2301	0
23	2301	0
29	2301	0
3	2302	0
22	2303	0
31	2304	0
30	2305	0
38	2305	0
22	2306	0
19	2307	0
19	2308	1
19	2309	0
4	2310	1
23	2310	1
18	2311	0
24	2311	1
32	2311	0
39	2311	0
20	2312	1
30	2312	1
6	2313	0
5	2314	0
18	2314	1
23	2314	0
33	2314	1
0	2315	1
21	2315	0
11	2316	0
22	2316	0
29	2316	1
3	2317	0
22	2317	1
38	2317	0
39	2317	1
5	2318	0
20	2318	0
28	2319	0
7	2320	0
29	2320	0
1	2321	1
30	2322	1
3	2323	1
17	2323	0
1	2324	1
3	2325	0
22	2325	0
4	2326	0
18	2326	1
26	2326	0
1	2327	1
7	2327	0
24	2328	0
19	2329	0
33	2329	0
24	2330	0
22	2331	0
30	2332	1
16	2333	1
18	2333	0
22	2333	0
23	2334	0
3	2335	1
5	2335	0
18	2335	0
20	2335	0
26	2335	0
4	2336	0
33	2336	0
33	2337	0
7	2338	1
21	2338	1
14	2339	0
20	2339	0
32	2340	0
3	2341	0
5	2341	0
7	2341	1
11	2341	0
13	2341	0
21	2341	0
29	2341	0
7	2342	1
18	2342	0
10	2343	0
20	2343	0
32	2344	0
1	2345	0
28	2345	1
20	2346	0
29	2346	1
7	2347	0
16	2347	1
19	2347	0
4	2348	0
30	2348	0
22	2349	0
27	2349	1
21	2350	1
5	2351	0
11	2352	1
12	2352	0
18	2353	0
3	2354	1
38	2355	0
21	2356	0
4	2357	0
10	2357	0
22	2357	0
38	2357	1
18	2358	1
21	2358	1
13	2359	0
39	2360	0
3	2361	0
19	2361	0
5	2362	0
20	2362	0
38	2362	1
38	2363	0
36	2364	0
4	2365	0
7	2365	0
22	2366	0
24	2366	0
25	2367	0
26	2367	0
9	2368	0
27	2368	0
33	2368	0
36	2368	0
27	2369	0
29	2370	1
5	2371	0
7	2371	0
38	2371	0
9	2372	0
22	2373	0
28	2373	0
36	2373	0
1	2374	0
20	2374	0
31	2374	0
7	2375	0
32	2375	1
22	2376	0
17	2377	0
26	2378	0
18	2379	0
24	2380	0
37	2381	0
6	2382	0
15	2382	0
38	2382	1
33	2383	0
7	2384	0
22	2384	0
24	2384	0
26	2385	0
29	2385	0
6	2386	0
20	2387	0
33	2388	0
16	2389	0
29	2389	0
31	2389	0
39	2390	0
22	2391	0
6	2392	0
39	2392	0
7	2393	1
11	2393	1
15	2393	1
18	2393	0
24	2393	0
5	2394	1
21	2394	1
20	2395	0
19	2396	0
22	2397	0
29	2397	0
19	2398	0
1	2399	0
12	2399	0
16	2399	0
28	2399	0
33	2400	0
20	2401	0
28	2401	0
24	2402	0
30	2403	0
32	2403	0
26	2404	0
16	2405	1
3	2406	0
4	2406	0
22	2406	0
29	2406	0
3	2407	0
28	2408	0
3	2409	0
4	2409	0
18	2409	0
26	2409	1
35	2409	0
3	2410	0
24	2410	0
33	2410	0
29	2411	0
26	2412	0
24	2413	0
11	2414	0
16	2414	1
17	2414	0
30	2414	0
6	2415	0
29	2415	0
7	2416	1
30	2416	1
33	2417	0
24	2418	1
28	2418	1
6	2419	0
11	2420	0
5	2421	1
6	2422	0
19	2422	0
29	2422	0
30	2422	0
34	2423	1
28	2424	0
19	2425	1
27	2425	0
18	2426	1
28	2427	0
26	2428	0
28	2428	0
36	2429	0
3	2430	0
15	2430	0
39	2430	1
18	2431	1
3	2432	0
26	2432	1
19	2433	0
39	2433	1
11	2434	1
30	2435	0
16	2436	1
38	2436	0
30	2437	1
6	2438	0
28	2438	0
29	2438	1
20	2439	0
22	2439	0
38	2439	0
9	2440	1
35	2440	0
38	2440	1
12	2441	0
21	2441	0
26	2441	0
31	2441	1
11	2442	1
18	2442	0
28	2443	1
31	2443	0
24	2444	1
26	2445	0
33	2445	1
25	2446	0
0	2447	1
10	2448	0
29	2448	1
1	2449	1
7	2449	0
24	2449	0
38	2449	0
5	2450	1
11	2450	1
4	2451	0
28	2451	1
18	2452	1
24	2452	0
36	2453	0
24	2454	0
29	2454	1
38	2454	0
5	2455	0
28	2455	0
29	2455	0
33	2455	0
37	2455	0
0	2456	0
39	2456	0
4	2457	0
31	2457	0
4	2458	0
7	2458	0
12	2458	0
5	2459	0
19	2459	0
7	2460	0
27	2461	0
1	2462	1
15	2463	1
19	2463	1
20	2463	1
22	2463	0
28	2463	0
20	2464	1
5	2465	0
6	2465	0
9	2465	1
18	2466	0
19	2466	1
24	2466	0
31	2466	0
0	2467	1
17	2467	1
20	2467	1
28	2467	0
22	2468	0
17	2469	1
11	2470	0
29	2471	0
20	2472	0
30	2472	1
36	2472	0
26	2473	0
2	2474	1
3	2475	0
10	2475	0
26	2475	0
28	2475	0
3	2476	0
38	2476	0
4	2477	0
29	2478	0
28	2479	0
30	2479	1
6	2480	1
5	2481	0
24	2481	0
33	2481	0
34	2481	0
38	2481	0
9	2482	0
29	2482	1
33	2483	1
24	2484	0
28	2485	0
36	2485	0
18	2486	1
19	2486	0
28	2486	0
38	2487	0
1	2488	0
18	2488	0
30	2488	0
39	2488	0
1	2489	0
19	2489	0
22	2489	0
38	2490	0
0	2491	0
4	2491	0
26	2491	1
27	2491	1
30	2491	0
5	2492	0
3	2493	0
11	2493	1
24	2493	0
38	2493	1
16	2494	0
18	2495	1
21	2495	1
28	2495	0
33	2495	0
5	2496	0
33	2496	1
20	2497	0
23	2497	1
36	2497	0
38	2497	0
30	2498	0
16	2499	1
30	2499	0
13	2500	0
4	2501	1
30	2501	1
25	2502	0
20	2503	0
28	2503	0
22	2504	0
16	2505	0
32	2506	0
33	2507	0
12	2508	0
28	2509	1
38	2509	0
19	2510	0
26	2511	1
29	2511	0
31	2511	1
3	2512	1
18	2512	0
30	2512	0
5	2513	0
18	2514	1
22	2514	0
14	2515	0
19	2516	1
24	2516	0
26	2516	0
33	2516	0
11	2517	0
26	2517	0
27	2517	0
23	2518	1
5	2519	0
6	2519	0
15	2519	0
29	2519	0
9	2520	0
22	2520	0
27	2520	1
3	2521	0
19	2522	0
7	2523	0
20	2524	0
38	2524	0
19	2525	0
5	2526	0
24	2526	0
6	2527	1
19	2527	0
18	2528	1
35	2528	1
33	2529	0
0	2530	0
16	2530	0
29	2531	0
38	2531	1
6	2532	0
5	2533	0
15	2533	0
26	2533	0
12	2534	1
17	2534	0
30	2535	0
24	2536	1
35	2536	0
7	2537	0
9	2537	1
39	2538	0
18	2539	1
24	2539	0
6	2540	0
18	2540	0
26	2540	0
27	2541	1
1	2542	1
9	2542	0
15	2542	1
18	2542	1
37	2543	1
34	2544	0
13	2545	1
5	2546	0
7	2546	1
17	2547	0
30	2547	0
33	2548	1
3	2549	0
16	2549	0
38	2549	0
38	2550	0
6	2551	0
26	2551	1
33	2552	1
2	2553	0
18	2554	0
22	2554	1
32	2554	1
3	2555	1
38	2555	1
27	2556	0
6	2557	1
4	2558	0
24	2558	0
31	2558	0
38	2558	0
36	2559	0
18	2560	1
18	2561	1
24	2561	0
26	2561	0
38	2562	0
25	2563	0
37	2563	0
30	2564	1
13	2565	1
39	2565	0
0	2566	0
38	2566	0
32	2567	1
38	2567	0
35	2568	0
9	2569	0
28	2569	0
36	2569	0
16	2570	0
22	2570	0
28	2570	0
17	2571	1
28	2571	1
29	2571	0
30	2571	0
26	2572	1
15	2573	0
16	2573	1
4	2574	0
20	2575	0
26	2575	1
27	2575	0
29	2575	0
38	2575	0
29	2576	1
4	2577	1
31	2578	0
1	2579	0
0	2580	1
22	2580	1
29	2580	0
7	2581	0
28	2581	0
38	2581	0
28	2582	0
29	2582	0
4	2583	0
12	2583	0
24	2583	0
30	2583	0
30	2584	1
0	2585	0
25	2586	0
24	2587	0
29	2588	0
19	2589	1
29	2589	0
12	2590	0
39	2590	0
16	2591	0
24	2591	1
6	2592	1
9	2592	1
29	2592	1
20	2593	1
28	2593	0
33	2593	1
20	2594	1
16	2595	0
18	2595	0
21	2595	0
11	2596	0
29	2596	1
24	2597	0
26	2597	0
29	2597	0
30	2597	1
37	2597	0
9	2598	0
28	2598	1
20	2599	1
28	2599	0
19	2600	0
15	2601	0
22	2601	1
36	2601	0
23	2602	0
3	2603	0
0	2604	0
7	2605	0
12	2605	0
5	2606	0
12	2607	0
21	2607	0
23	2607	1
27	2607	0
7	2608	0
13	2608	1
39	2608	0
4	2609	1
17	2609	0
28	2609	0
14	2610	0
5	2611	0
6	2612	1
11	2612	1
35	2613	0
1	2614	1
13	2614	1
30	2614	1
17	2615	0
19	2615	0
29	2616	0
3	2617	0
5	2617	1
9	2617	0
1	2618	0
28	2618	0
19	2619	1
26	2619	0
29	2619	0
22	2620	0
4	2621	1
26	2621	1
30	2621	0
38	2621	0
7	2622	0
28	2622	0
39	2622	1
7	2623	1
24	2624	0
34	2625	0
4	2626	1
36	2626	0
10	2627	0
32	2628	0
38	2629	1
3	2630	0
4	2631	0
18	2631	0
21	2632	1
39	2632	0
3	2633	0
6	2633	1
11	2633	0
39	2633	0
15	2634	0
27	2634	1
29	2634	0
33	2634	0
39	2634	0
21	2635	1
24	2635	0
5	2636	0
22	2636	0
24	2636	0
28	2636	0
4	2637	0
22	2637	0
30	2638	1
9	2639	0
10	2639	0
11	2639	1
31	2639	0
3	2640	0
30	2641	0
24	2642	0
13	2643	0
36	2644	0
0	2645	0
31	2645	0
28	2646	0
29	2647	0
6	2648	0
28	2648	0
19	2649	0
24	2649	0
7	2650	1
1	2651	0
17	2652	0
22	2652	0
24	2653	0
31	2653	0
24	2654	0
26	2655	1
7	2656	0
9	2656	1
19	2656	0
17	2657	0
22	2657	0
5	2658	0
4	2659	0
9	2660	1
20	2660	0
19	2661	0
21	2661	0
23	2661	1
15	2662	0
22	2663	0
39	2663	0
7	2664	1
28	2664	1
24	2665	0
7	2666	1
8	2666	0
22	2667	0
22	2668	0
3	2669	0
4	2669	0
5	2669	1
17	2670	0
30	2671	0
18	2672	0
29	2672	0
39	2672	0
5	2673	0
38	2673	0
1	2674	1
7	2674	0
26	2674	0
14	2675	0
13	2676	0
28	2677	0
20	2678	1
18	2679	1
39	2679	0
5	2680	0
6	2681	1
7	2681	0
15	2681	0
25	2681	0
12	2682	0
18	2682	1
17	2683	1
19	2683	0
15	2684	0
16	2684	0
31	2685	0
19	2686	0
21	2687	0
4	2688	0
22	2689	0
4	2690	1
9	2691	0
22	2691	0
26	2691	1
9	2692	1
11	2693	0
28	2693	0
21	2694	1
5	2695	1
31	2695	0
22	2696	0
31	2696	0
33	2696	1
38	2696	0
7	2697	0
17	2697	1
29	2697	1
30	2698	0
7	2699	0
9	2699	1
25	2699	0
38	2699	0
0	2700	0
9	2700	1
22	2700	0
26	2700	1
19	2701	0
7	2702	0
12	2702	0
18	2702	0
3	2703	0
5	2703	0
7	2703	0
7	2704	1
38	2704	0
6	2705	0
18	2705	1
29	2705	0
17	2706	0
22	2707	0
28	2707	0
18	2708	1
26	2708	1
28	2708	0
34	2709	0
7	2710	1
4	2711	0
24	2711	1
0	2712	0
11	2712	1
24	2712	0
7	2713	1
12	2714	0
20	2715	0
25	2716	0
29	2716	0
36	2716	0
6	2717	1
3	2718	1
5	2718	0
17	2718	0
27	2719	0
22	2720	0
31	2721	0
33	2721	1
38	2722	1
29	2723	1
30	2723	0
33	2723	0
18	2724	0
28	2724	0
29	2725	0
33	2726	0
38	2727	1
4	2728	0
18	2728	1
29	2728	0
12	2729	1
22	2730	0
29	2730	1
33	2731	0
1	2732	0
17	2732	0
22	2732	0
39	2732	0
7	2733	1
29	2734	0
11	2735	0
7	2736	0
3	2737	0
30	2738	1
39	2738	0
0	2739	1
18	2739	1
29	2740	0
4	2741	0
29	2741	0
30	2741	0
12	2742	0
16	2743	1
35	2744	0
38	2745	0
5	2746	0
12	2746	1
0	2747	0
11	2747	1
19	2747	0
31	2747	0
38	2748	1
34	2749	0
19	2750	1
34	2751	1
0	2752	1
25	2752	1
38	2752	0
4	2753	1
5	2754	0
7	2754	0
25	2754	1
38	2755	0
28	2756	0
34	2756	1
35	2757	1
38	2757	1
15	2758	1
21	2758	1
24	2758	0
3	2759	0
12	2759	0
38	2759	0
19	2760	0
35	2760	1
4	2761	0
11	2761	0
33	2761	0
4	2762	0
9	2762	0
5	2763	0
19	2763	0
28	2764	0
5	2765	0
36	2766	1
28	2767	0
18	2768	0
29	2769	0
7	2770	0
9	2770	0
35	2770	1
20	2771	0
26	2771	1
29	2771	1
11	2772	1
29	2773	0
30	2773	1
33	2773	0
37	2773	1
39	2774	1
4	2775	0
19	2775	0
26	2775	0
17	2776	0
26	2776	1
37	2776	1
19	2777	0
31	2778	0
28	2779	0
37	2779	0
11	2780	0
26	2780	1
29	2780	0
5	2781	0
22	2781	0
35	2781	1
8	2782	1
7	2783	1
15	2783	0
36	2783	0
7	2784	1
33	2784	0
27	2785	1
38	2786	1
12	2787	0
37	2788	0
4	2789	0
26	2789	1
18	2790	0
22	2790	1
6	2791	1
26	2791	0
21	2792	0
31	2793	0
38	2793	0
18	2794	1
39	2795	0
19	2796	1
3	2797	0
18	2797	0
30	2798	0
38	2798	1
7	2799	0
16	2799	1
27	2800	1
5	2801	0
35	2802	1
9	2803	0
5	2804	0
19	2804	0
4	2805	0
5	2805	1
9	2805	0
26	2805	0
16	2806	0
7	2807	0
16	2807	0
34	2807	1
36	2807	0
24	2808	0
39	2808	0
27	2809	0
39	2809	0
7	2810	0
7	2811	0
28	2811	0
34	2811	0
30	2812	1
19	2813	0
18	2814	1
5	2815	0
21	2815	1
33	2815	0
36	2815	0
18	2816	0
24	2816	0
29	2816	0
31	2817	0
11	2818	1
21	2818	1
22	2819	0
7	2820	0
14	2820	0
19	2820	0
26	2821	0
36	2822	0
28	2823	1
32	2824	0
38	2824	0
0	2825	1
28	2825	0
34	2825	1
11	2826	1
21	2826	1
30	2826	0
5	2827	1
18	2827	0
38	2827	0
12	2828	0
24	2828	1
15	2829	1
19	2830	0
28	2831	0
32	2831	0
4	2832	1
15	2832	1
11	2833	0
0	2834	1
20	2834	0
15	2835	0
9	2836	1
16	2836	0
7	2837	0
11	2837	0
37	2837	0
18	2838	0
19	2839	0
26	2840	1
18	2841	0
30	2841	0
31	2841	0
19	2842	0
21	2842	0
32	2842	1
0	2843	1
5	2843	1
26	2843	0
20	2844	0
16	2845	0
30	2845	0
21	2846	0
9	2847	1
11	2847	1
24	2847	0
32	2847	1
11	2848	0
28	2848	0
4	2849	0
38	2850	0
39	2850	1
31	2851	0
9	2852	1
16	2852	1
30	2852	1
37	2853	0
36	2854	0
20	2855	0
22	2855	0
33	2855	0
31	2856	1
30	2857	0
22	2858	0
19	2859	0
19	2860	1
26	2860	0
33	2861	0
7	2862	1
24	2862	0
30	2862	0
38	2862	0
26	2863	0
39	2863	1
12	2864	0
24	2864	0
11	2865	1
18	2866	1
22	2866	0
30	2866	1
31	2866	0
20	2867	1
21	2867	1
35	2868	1
38	2868	0
0	2869	0
11	2870	1
29	2871	0
24	2872	1
35	2872	1
16	2873	0
28	2873	1
33	2874	0
6	2875	0
7	2875	1
12	2875	0
31	2876	0
35	2876	0
3	2877	0
11	2877	0
29	2877	1
39	2877	0
15	2878	1
11	2879	0
18	2879	1
22	2879	0
26	2879	0
39	2880	1
3	2881	0
7	2881	0
9	2881	1
11	2882	1
11	2883	1
12	2883	0
29	2884	0
29	2885	0
33	2885	0
35	2885	1
38	2885	0
7	2886	0
22	2886	0
33	2886	0
6	2887	0
29	2887	0
15	2888	0
24	2888	0
5	2889	1
30	2889	1
37	2890	0
39	2891	0
9	2892	1
16	2892	0
24	2892	0
24	2893	0
0	2894	0
7	2894	0
20	2894	0
15	2895	0
32	2896	1
10	2897	1
20	2897	1
22	2897	0
9	2898	0
6	2899	0
29	2899	0
4	2900	0
10	2901	1
26	2901	1
19	2902	0
17	2903	1
20	2903	1
28	2904	1
11	2905	0
31	2906	0
38	2906	0
31	2907	1
18	2908	0
24	2908	1
27	2908	1
29	2908	0
22	2909	0
15	2910	0
4	2911	0
9	2911	1
24	2911	1
12	2912	0
22	2912	0
29	2912	1
31	2912	0
24	2913	0
24	2914	0
7	2915	0
28	2916	0
38	2916	0
21	2917	1
24	2918	0
39	2918	0
19	2919	0
25	2919	0
1	2920	0
19	2920	0
25	2920	1
25	2921	0
38	2921	0
35	2922	0
20	2923	0
38	2923	0
20	2924	0
6	2925	0
7	2926	0
24	2926	0
19	2927	0
28	2927	0
36	2927	0
2	2928	0
22	2929	0
20	2930	1
21	2931	0
15	2932	1
9	2933	1
18	2933	0
3	2934	0
28	2934	0
0	2935	0
11	2935	0
36	2935	0
15	2936	1
24	2936	0
26	2936	0
0	2937	0
3	2937	0
20	2937	1
28	2937	0
20	2938	0
20	2939	1
38	2939	0
8	2940	1
26	2940	0
36	2940	1
19	2941	0
8	2942	1
17	2943	0
30	2943	0
38	2944	0
4	2945	0
18	2945	1
24	2946	0
7	2947	0
7	2948	0
20	2948	1
24	2948	0
28	2948	0
38	2949	0
6	2950	0
26	2951	0
33	2951	0
26	2952	0
6	2953	1
17	2953	0
19	2953	1
21	2953	0
16	2954	1
28	2954	1
36	2954	1
5	2955	0
38	2956	0
18	2957	0
35	2957	1
38	2957	0
24	2958	0
18	2959	0
27	2960	0
0	2961	0
37	2962	0
23	2963	1
0	2964	1
1	2964	1
16	2965	1
18	2965	1
3	2966	0
5	2966	0
28	2966	0
29	2966	0
17	2967	0
29	2967	1
37	2967	1
0	2968	1
36	2968	1
29	2969	1
4	2970	0
7	2970	0
3	2971	1
22	2971	1
3	2972	1
31	2972	0
35	2972	0
5	2973	0
7	2973	0
23	2974	0
3	2975	0
7	2975	0
33	2975	0
21	2976	0
6	2977	1
24	2978	1
29	2978	1
16	2979	0
34	2980	1
38	2981	0
0	2982	0
4	2982	0
24	2982	0
30	2982	1
0	2983	1
27	2983	0
30	2983	0
13	2984	0
13	2985	0
1	2986	0
26	2987	0
35	2987	0
33	2988	1
29	2989	0
30	2990	1
19	2991	0
28	2991	0
29	2991	0
5	2992	0
19	2993	1
37	2994	1
39	2994	0
7	2995	0
21	2995	1
18	2996	1
18	2997	0
19	2997	0
20	2997	0
33	2997	0
5	2998	0
6	2998	0
24	2998	0
37	2998	0
6	2999	0
4	3000	0
15	3000	0
22	3000	0
30	3000	0
31	3000	0
38	3000	0
22	3001	0
4	3002	1
26	3003	0
37	3003	1
39	3003	0
7	3004	0
11	3004	1
18	3004	1
28	3004	0
8	3005	1
20	3005	0
32	3005	0
4	3006	0
26	3006	1
32	3006	1
4	3007	0
18	3007	0
17	3008	1
22	3009	1
7	3010	1
6	3011	0
7	3011	0
6	3012	0
12	3012	1
22	3012	0
33	3013	0
19	3014	0
20	3014	1
4	3015	0
18	3015	0
38	3015	0
5	3016	0
22	3016	1
15	3017	0
15	3018	0
7	3019	0
35	3019	0
31	3020	1
33	3020	0
6	3021	0
16	3021	0
24	3021	0
4	3022	0
30	3022	0
3	3023	0
24	3023	0
30	3023	1
24	3024	0
19	3025	0
29	3025	1
5	3026	0
7	3026	1
24	3026	0
6	3027	0
7	3027	1
38	3028	0
17	3029	1
7	3030	0
33	3031	1
16	3032	0
19	3032	0
22	3033	0
11	3034	0
15	3034	0
21	3034	1
38	3034	0
25	3035	0
32	3036	0
39	3037	1
18	3038	0
38	3038	0
1	3039	0
7	3039	1
0	3040	0
18	3040	0
24	3041	1
39	3041	1
7	3042	0
30	3042	0
29	3043	0
30	3044	0
33	3045	0
20	3046	1
26	3047	1
35	3048	1
36	3049	0
4	3050	0
19	3050	0
30	3051	1
38	3052	0
28	3053	1
0	3054	0
22	3055	1
38	3055	0
4	3056	0
5	3056	0
20	3056	1
28	3056	0
38	3056	0
9	3057	1
17	3058	0
22	3058	0
7	3059	1
24	3059	1
10	3060	0
28	3061	0
7	3062	0
21	3062	0
0	3063	0
39	3063	1
11	3064	0
4	3065	0
5	3065	0
18	3065	0
8	3066	0
36	3067	0
39	3068	0
3	3069	0
11	3070	0
15	3070	1
26	3070	0
36	3070	0
3	3071	0
38	3071	0
0	3072	0
38	3072	0
33	3073	1
36	3074	0
3	3075	0
20	3075	0
36	3075	0
33	3076	0
11	3077	0
18	3077	1
22	3077	0
29	3077	0
18	3078	0
16	3079	0
19	3079	0
38	3079	0
3	3080	1
33	3080	0
7	3081	1
18	3081	0
21	3081	0
19	3082	0
5	3083	0
38	3083	0
35	3084	1
7	3085	1
32	3085	1
22	3086	0
28	3086	0
9	3087	0
12	3088	0
15	3088	0
16	3089	0
18	3089	0
33	3089	1
37	3089	0
16	3090	0
33	3090	0
6	3091	0
19	3091	0
20	3092	0
6	3093	0
30	3093	0
29	3094	1
7	3095	0
33	3095	0
11	3096	0
24	3096	0
38	3096	0
24	3097	0
17	3098	1
19	3099	0
31	3100	0
18	3101	1
38	3101	0
30	3102	0
0	3103	0
28	3104	0
33	3104	0
38	3104	1
9	3105	0
19	3105	0
24	3105	1
26	3105	1
4	3106	0
25	3106	1
26	3106	0
37	3106	0
26	3107	0
3	3108	0
26	3109	0
32	3109	0
38	3109	1
6	3110	1
7	3110	0
30	3111	0
3	3112	1
11	3112	1
17	3112	0
19	3112	0
24	3112	0
39	3112	0
10	3113	0
19	3114	0
35	3115	1
5	3116	0
15	3116	1
16	3116	1
18	3116	0
30	3116	1
35	3117	0
4	3118	0
35	3119	0
3	3120	1
30	3120	0
31	3120	0
39	3120	0
28	3121	0
16	3122	0
22	3122	0
28	3123	1
30	3123	0
3	3124	0
18	3124	1
18	3125	0
20	3125	1
17	3126	1
18	3126	1
22	3126	1
7	3127	0
19	3127	0
21	3128	0
12	3129	0
19	3129	0
6	3130	1
15	3130	0
18	3130	0
7	3131	0
18	3131	1
5	3132	0
18	3132	0
36	3132	0
38	3132	0
28	3133	0
21	3134	0
24	3134	0
27	3135	0
4	3136	0
5	3136	0
21	3136	1
29	3136	0
19	3137	0
24	3137	0
33	3137	1
3	3138	0
7	3139	1
32	3139	0
18	3140	1
22	3141	1
3	3142	1
5	3143	0
29	3143	0
30	3143	0
22	3144	0
26	3145	1
27	3146	1
3	3147	0
1	3148	0
29	3148	0
30	3148	0
33	3148	1
33	3149	0
7	3150	1
29	3151	1
4	3152	0
5	3152	0
37	3152	0
30	3153	1
29	3154	0
20	3155	0
11	3156	0
11	3157	0
18	3157	1
26	3157	1
38	3157	0
24	3158	0
11	3159	1
24	3159	0
26	3159	0
28	3159	0
18	3160	0
33	3161	0
24	3162	1
33	3162	0
39	3162	0
9	3163	0
11	3163	0
38	3163	0
0	3164	0
26	3164	1
6	3165	0
26	3166	0
7	3167	1
21	3167	1
36	3167	1
14	3168	0
33	3169	0
24	3170	1
30	3170	0
4	3171	0
4	3172	0
4	3173	0
26	3173	0
30	3173	1
38	3174	0
31	3175	0
5	3176	0
18	3176	1
38	3177	0
29	3178	0
20	3179	1
28	3179	0
20	3180	0
26	3180	0
24	3181	0
16	3182	0
0	3183	0
3	3183	1
7	3184	1
15	3184	1
19	3184	0
32	3184	0
28	3185	0
35	3185	1
7	3186	0
13	3186	0
30	3186	1
32	3186	1
9	3187	0
19	3187	0
39	3188	1
27	3189	0
5	3190	0
38	3190	0
30	3191	1
32	3191	0
17	3192	1
4	3193	0
15	3193	1
5	3194	1
1	3195	0
29	3195	1
37	3195	0
26	3196	1
9	3197	0
17	3197	1
19	3197	0
26	3197	0
20	3198	1
29	3198	0
28	3199	0
18	3200	1
7	3201	1
7	3202	0
19	3202	1
30	3202	0
24	3203	0
35	3204	0
1	3205	0
24	3205	0
6	3206	0
18	3206	1
25	3206	0
12	3207	0
22	3208	0
16	3209	0
24	3209	0
7	3210	0
11	3211	1
15	3211	0
26	3211	1
30	3211	0
4	3212	1
32	3213	0
21	3214	1
38	3214	1
3	3215	1
16	3215	0
24	3215	0
30	3215	0
4	3216	0
18	3216	0
20	3216	0
0	3217	1
22	3217	0
24	3217	0
19	3218	0
7	3219	0
26	3220	0
38	3220	1
6	3221	1
38	3221	0
7	3222	0
25	3223	1
29	3223	1
35	3223	1
19	3224	0
29	3225	1
3	3226	0
8	3226	1
18	3226	1
6	3227	0
16	3227	0
20	3228	0
24	3228	1
27	3228	0
34	3228	0
11	3229	1
6	3230	1
26	3230	0
38	3230	0
39	3230	1
29	3231	0
38	3231	1
6	3232	0
29	3232	1
30	3232	0
5	3233	0
26	3233	0
34	3233	1
4	3234	0
9	3235	0
17	3235	0
24	3235	0
32	3235	0
15	3236	1
6	3237	0
18	3237	0
23	3237	1
18	3238	0
33	3238	0
38	3238	0
26	3239	0
7	3240	0
33	3240	0
21	3241	0
4	3242	0
36	3242	0
37	3243	0
18	3244	0
18	3245	1
26	3245	0
29	3245	0
24	3246	1
39	3246	0
19	3247	0
31	3248	1
3	3249	0
7	3250	0
35	3250	0
3	3251	1
16	3251	0
32	3251	0
11	3252	1
24	3252	0
20	3253	1
31	3253	0
5	3254	0
7	3254	1
33	3254	1
7	3255	0
23	3255	0
29	3256	0
29	3257	0
38	3257	0
24	3258	0
28	3258	0
19	3259	0
29	3259	0
11	3260	1
21	3260	0
28	3261	0
39	3262	0
18	3263	0
20	3263	1
39	3263	0
28	3264	0
16	3265	0
33	3266	1
7	3267	0
29	3267	0
39	3267	0
1	3268	1
18	3269	1
29	3270	0
18	3271	0
29	3272	0
32	3272	0
33	3272	0
38	3272	0
15	3273	1
33	3273	0
35	3274	0
29	3275	0
3	3276	0
20	3276	0
38	3276	0
7	3277	1
18	3277	1
30	3277	0
29	3278	0
17	3279	1
22	3279	1
28	3279	0
38	3280	0
4	3281	0
0	3282	1
11	3282	1
16	3282	1
20	3282	1
27	3283	0
0	3284	0
24	3284	1
38	3284	1
32	3285	1
29	3286	1
3	3287	0
9	3287	0
5	3288	0
22	3288	0
26	3288	0
7	3289	0
21	3289	1
31	3289	0
8	3290	1
18	3291	1
21	3292	0
28	3292	0
38	3292	0
1	3293	1
7	3293	0
30	3293	0
33	3293	0
38	3293	0
10	3294	1
25	3294	0
28	3294	0
16	3295	1
19	3295	0
29	3296	1
5	3297	0
19	3298	0
6	3299	0
33	3299	0
29	3300	0
3	3301	0
39	3301	0
22	3302	0
34	3302	0
3	3303	0
11	3303	1
33	3303	0
13	3304	0
3	3305	0
29	3305	1
0	3306	1
18	3306	0
30	3306	0
3	3307	0
24	3307	0
32	3307	0
5	3308	0
7	3308	0
19	3308	1
39	3308	0
26	3309	0
13	3310	1
15	3311	1
28	3311	0
7	3312	0
6	3313	0
8	3314	0
22	3315	0
26	3315	1
29	3315	0
4	3316	0
7	3316	0
21	3316	1
33	3316	1
30	3317	1
0	3318	0
35	3319	0
5	3320	1
31	3320	0
28	3321	0
12	3322	1
3	3323	0
33	3323	0
3	3324	0
11	3324	0
31	3324	0
18	3325	0
15	3326	0
29	3326	1
4	3327	0
5	3327	0
18	3327	0
38	3327	0
22	3328	0
4	3329	0
3	3330	1
20	3330	1
22	3330	1
26	3330	0
29	3330	0
6	3331	0
29	3331	0
19	3332	0
33	3332	0
38	3332	1
7	3333	1
38	3334	0
6	3335	0
23	3336	0
33	3336	1
38	3337	0
4	3338	0
26	3338	1
28	3338	0
19	3339	1
28	3339	1
39	3339	1
4	3340	1
15	3340	1
29	3340	1
36	3341	0
18	3342	0
20	3342	0
22	3342	0
30	3342	1
5	3343	0
22	3343	1
19	3344	0
26	3344	0
28	3344	0
3	3345	0
5	3345	0
7	3345	0
29	3345	1
28	3346	0
26	3347	0
18	3348	1
29	3349	0
18	3350	0
7	3351	1
15	3352	0
21	3352	0
29	3352	0
0	3353	0
24	3353	0
28	3353	0
21	3354	0
28	3354	0
20	3355	0
26	3355	0
30	3355	0
5	3356	0
19	3356	0
5	3357	0
9	3357	0
16	3357	0
4	3358	0
12	3358	0
6	3359	0
11	3359	1
24	3359	0
38	3359	0
21	3360	0
38	3360	0
12	3361	0
6	3362	1
4	3363	0
24	3363	0
27	3363	1
21	3364	0
30	3364	0
16	3365	1
33	3365	1
5	3366	0
32	3367	0
12	3368	0
38	3368	0
3	3369	0
19	3369	0
5	3370	0
0	3371	1
15	3371	0
29	3372	0
30	3372	0
4	3373	1
16	3373	0
19	3373	1
22	3373	1
33	3373	1
26	3374	0
38	3374	0
22	3375	1
28	3375	0
7	3376	1
19	3376	1
11	3377	0
21	3377	0
9	3378	1
34	3378	1
38	3379	1
1	3380	0
21	3381	0
38	3381	0
4	3382	0
18	3382	0
32	3383	0
4	3384	0
26	3384	0
28	3384	0
30	3384	1
4	3385	0
26	3385	0
39	3385	1
4	3386	1
18	3386	0
20	3386	1
24	3386	0
33	3386	0
1	3387	0
9	3387	1
33	3387	1
39	3387	0
16	3388	0
0	3389	1
6	3390	1
17	3390	0
21	3391	0
4	3392	0
4	3393	0
26	3393	1
5	3394	1
8	3395	1
5	3396	0
11	3396	1
18	3396	0
28	3396	0
39	3396	1
10	3397	0
5	3398	0
14	3398	0
3	3399	0
17	3399	1
18	3399	1
3	3400	0
16	3401	1
19	3401	0
24	3401	0
29	3401	0
3	3402	0
16	3402	0
19	3402	0
24	3402	0
39	3402	0
35	3403	0
17	3404	1
24	3404	0
30	3404	0
35	3405	1
7	3406	0
18	3406	0
15	3407	0
15	3408	0
6	3409	0
11	3409	0
20	3410	0
6	3411	0
11	3411	1
24	3411	0
30	3411	0
8	3412	0
10	3413	0
29	3414	0
33	3414	0
18	3415	1
4	3416	0
18	3416	1
20	3417	0
0	3418	0
3	3419	0
28	3420	0
36	3421	0
26	3422	1
27	3422	0
17	3423	1
18	3423	1
21	3424	0
29	3424	0
34	3424	0
39	3425	0
7	3426	0
18	3426	1
18	3427	0
23	3427	0
24	3427	0
31	3428	0
22	3429	0
7	3430	1
20	3430	1
38	3431	0
0	3432	0
16	3432	0
28	3432	0
33	3432	0
7	3433	0
28	3433	0
19	3434	0
30	3435	0
6	3436	0
18	3436	0
26	3436	1
37	3436	0
5	3437	1
9	3437	0
20	3437	0
11	3438	0
27	3438	0
9	3439	1
22	3439	1
9	3440	1
16	3440	1
30	3440	1
38	3441	0
28	3442	0
0	3443	0
28	3443	0
19	3444	1
20	3444	1
39	3444	1
3	3445	1
38	3445	0
18	3446	1
33	3446	1
7	3447	1
31	3448	0
12	3449	1
21	3449	0
26	3449	1
6	3450	0
11	3450	1
29	3450	0
15	3451	0
20	3452	0
33	3453	0
4	3454	1
11	3454	1
22	3454	1
33	3454	1
6	3455	0
11	3455	1
17	3455	1
33	3455	0
18	3456	0
28	3456	0
31	3456	0
7	3457	0
27	3458	0
31	3458	1
38	3458	0
17	3459	0
19	3459	0
24	3459	0
0	3460	0
6	3460	0
6	3461	0
19	3461	0
29	3461	1
33	3461	0
18	3462	1
25	3462	1
20	3463	0
17	3464	0
18	3465	1
30	3465	0
33	3465	0
35	3465	1
12	3466	0
35	3467	1
19	3468	1
22	3468	0
30	3468	0
6	3469	1
22	3469	0
26	3469	0
31	3470	0
25	3471	1
34	3472	0
39	3473	1
30	3474	1
3	3475	0
12	3475	0
36	3475	0
39	3475	0
13	3476	0
38	3476	1
23	3477	1
29	3478	0
29	3479	1
30	3479	1
3	3480	0
22	3480	0
26	3480	0
21	3481	0
5	3482	0
21	3482	1
17	3483	0
4	3484	0
32	3485	0
24	3486	0
26	3486	0
33	3486	0
38	3486	0
29	3487	0
38	3487	0
23	3488	1
9	3489	0
24	3489	0
27	3489	0
28	3489	0
19	3490	1
38	3490	1
3	3491	0
4	3491	0
7	3491	0
17	3492	0
15	3493	0
16	3494	1
18	3494	1
19	3494	0
3	3495	1
28	3495	1
11	3496	0
28	3497	0
29	3497	0
33	3497	0
0	3498	0
4	3498	0
5	3498	0
7	3499	1
19	3500	0
38	3501	0
26	3502	1
36	3502	0
4	3503	0
5	3503	1
30	3503	0
4	3504	0
16	3504	1
24	3504	0
28	3505	0
6	3506	0
10	3506	0
29	3506	0
5	3507	0
17	3507	0
27	3507	0
15	3508	0
11	3509	0
39	3509	1
0	3510	0
3	3510	0
12	3510	0
20	3511	0
30	3511	1
3	3512	0
18	3512	0
33	3512	0
5	3513	0
17	3513	0
19	3513	0
23	3513	1
28	3513	0
30	3513	0
4	3514	0
9	3514	0
17	3514	0
20	3514	0
32	3514	0
0	3515	1
11	3515	1
18	3515	0
29	3515	0
34	3515	0
20	3516	0
16	3517	0
28	3517	0
7	3518	0
17	3518	1
26	3518	0
29	3518	1
18	3519	0
3	3520	1
6	3520	1
5	3521	0
29	3521	1
30	3521	0
24	3522	0
31	3523	0
33	3523	0
6	3524	0
17	3525	0
19	3525	0
0	3526	0
28	3526	0
30	3526	0
22	3527	1
26	3527	0
33	3527	0
6	3528	0
19	3528	0
28	3528	0
18	3529	0
25	3529	1
20	3530	0
38	3530	0
6	3531	0
22	3531	0
32	3531	1
26	3532	1
7	3533	1
7	3534	0
39	3535	0
14	3536	0
26	3536	0
30	3536	0
7	3537	0
38	3537	0
11	3538	0
7	3539	0
18	3539	0
37	3540	1
33	3541	1
24	3542	0
3	3543	1
9	3543	0
22	3543	0
9	3544	0
22	3544	1
29	3544	1
32	3545	0
24	3546	0
38	3547	1
19	3548	0
0	3549	1
29	3550	0
27	3551	0
29	3551	1
12	3552	0
26	3553	1
27	3553	0
0	3554	0
28	3554	0
38	3554	1
4	3555	0
15	3555	1
19	3555	0
19	3556	0
0	3557	0
22	3557	0
28	3557	0
39	3557	0
37	3558	0
39	3558	1
0	3559	0
39	3559	0
5	3560	0
25	3560	0
3	3561	0
22	3562	0
29	3562	0
39	3562	0
9	3563	0
18	3563	0
28	3564	0
33	3564	0
38	3564	0
7	3565	1
15	3566	0
18	3566	1
19	3566	0
25	3566	1
38	3566	0
22	3567	1
6	3568	0
29	3568	0
30	3568	0
9	3569	1
21	3570	0
24	3570	0
28	3570	1
32	3571	0
9	3572	0
18	3572	0
33	3572	0
7	3573	0
20	3573	0
26	3573	0
18	3574	1
38	3574	0
3	3575	0
6	3575	1
20	3575	0
11	3576	1
20	3577	0
26	3577	0
24	3578	0
3	3579	0
5	3579	1
7	3579	0
4	3580	0
10	3580	0
29	3580	0
6	3581	0
26	3581	0
4	3582	0
11	3582	1
12	3582	0
28	3582	0
20	3583	0
31	3583	0
32	3584	1
39	3584	1
18	3585	0
31	3585	0
18	3586	0
16	3587	0
39	3588	0
19	3589	0
24	3589	0
38	3589	0
17	3590	0
27	3590	1
0	3591	0
9	3591	1
26	3591	0
7	3592	0
28	3592	1
18	3593	0
20	3593	1
29	3593	1
29	3594	0
19	3595	0
16	3596	0
20	3596	0
24	3596	0
3	3597	0
6	3597	0
11	3598	1
14	3598	0
16	3598	0
4	3599	0
26	3599	0
4	3600	0
31	3600	0
37	3600	0
30	3601	1
4	3602	0
18	3603	1
9	3604	1
24	3604	0
1	3605	0
22	3605	0
32	3605	0
33	3605	0
18	3606	0
1	3607	0
11	3608	0
24	3608	0
39	3608	0
12	3609	0
7	3610	0
38	3610	0
6	3611	0
19	3611	0
30	3611	1
26	3612	1
18	3613	1
22	3613	1
24	3613	1
28	3613	1
7	3614	0
11	3614	0
9	3615	0
25	3615	0
38	3615	0
7	3616	0
19	3616	0
16	3617	0
15	3618	1
39	3619	0
21	3620	1
38	3620	1
39	3620	0
17	3621	0
29	3621	1
18	3622	0
39	3622	0
17	3623	0
30	3623	0
9	3624	1
30	3624	0
21	3625	1
4	3626	0
16	3626	1
34	3626	1
15	3627	0
16	3627	0
22	3627	1
28	3628	0
19	3629	0
28	3629	0
7	3630	0
21	3630	0
36	3630	1
18	3631	0
20	3631	1
22	3631	0
10	3632	1
17	3632	0
20	3632	0
24	3632	0
33	3632	0
16	3633	0
28	3633	0
7	3634	0
11	3634	1
18	3634	0
28	3635	0
5	3636	0
19	3636	1
28	3636	0
30	3636	1
33	3636	0
19	3637	0
22	3637	0
7	3638	0
21	3638	0
4	3639	0
17	3640	0
8	3641	1
4	3642	0
29	3642	1
30	3643	1
19	3644	1
33	3644	0
20	3645	0
28	3645	1
21	3646	1
4	3647	0
18	3647	0
20	3647	0
21	3647	0
38	3647	0
9	3648	0
20	3648	0
7	3649	0
38	3649	0
0	3650	1
31	3650	0
20	3651	0
7	3652	0
31	3652	1
11	3653	1
19	3653	0
26	3653	1
39	3653	0
29	3654	0
0	3655	1
24	3655	0
38	3655	0
33	3656	1
5	3657	0
11	3657	0
16	3657	1
24	3657	0
29	3658	0
28	3659	0
33	3659	0
11	3660	0
18	3660	0
24	3660	1
38	3660	0
22	3661	1
20	3662	0
39	3662	1
0	3663	0
10	3663	0
28	3663	0
38	3663	0
0	3664	0
11	3664	0
20	3664	0
22	3664	0
26	3664	1
30	3664	1
33	3665	0
39	3665	1
1	3666	0
3	3667	1
12	3667	1
16	3667	0
33	3668	0
0	3669	0
3	3669	0
24	3670	0
36	3670	0
38	3671	0
36	3672	0
29	3673	1
22	3674	0
29	3674	1
36	3675	0
39	3676	1
28	3677	0
20	3678	0
24	3679	0
38	3679	0
3	3680	0
7	3680	0
34	3680	1
17	3681	0
3	3682	1
29	3682	0
3	3683	0
31	3683	0
28	3684	0
20	3685	0
9	3686	1
9	3687	0
20	3687	0
18	3688	1
36	3689	1
22	3690	0
36	3691	0
38	3691	1
23	3692	1
39	3693	0
33	3694	0
37	3694	0
12	3695	0
22	3695	0
29	3695	0
16	3696	0
38	3696	0
16	3697	0
38	3697	0
5	3698	0
9	3699	0
24	3699	0
0	3700	0
22	3700	0
23	3701	1
0	3702	0
24	3702	1
25	3702	0
3	3703	0
20	3703	1
12	3704	0
28	3705	0
4	3706	1
7	3707	0
36	3708	0
23	3709	1
25	3710	0
0	3711	1
33	3711	0
10	3712	0
32	3713	0
11	3714	1
28	3714	0
5	3715	0
5	3716	1
38	3717	0
39	3717	1
0	3718	1
6	3719	1
12	3719	1
28	3719	0
26	3720	0
21	3721	0
26	3721	1
29	3722	0
7	3723	0
18	3723	1
30	3724	0
38	3724	0
27	3725	0
15	3726	0
11	3727	0
21	3727	0
39	3727	0
22	3728	0
30	3728	0
36	3728	0
7	3729	0
4	3730	0
22	3730	0
36	3731	0
5	3732	0
1	3733	0
22	3733	1
30	3733	0
4	3734	0
27	3734	0
28	3734	0
38	3734	0
26	3735	0
7	3736	0
30	3736	1
20	3737	0
22	3738	0
25	3738	1
26	3738	0
28	3738	0
38	3738	1
39	3738	0
25	3739	0
18	3740	1
4	3741	0
16	3741	0
0	3742	0
17	3743	1
24	3743	0
4	3744	0
39	3745	0
20	3746	0
24	3746	0
26	3746	1
38	3747	0
3	3748	1
7	3748	1
35	3749	1
6	3750	1
24	3750	1
31	3750	1
33	3750	1
3	3751	1
17	3751	1
18	3751	1
21	3751	0
26	3751	1
7	3752	0
12	3752	0
18	3752	1
29	3753	0
28	3754	0
18	3755	1
33	3755	0
12	3756	0
18	3757	0
29	3757	1
30	3758	0
39	3759	0
18	3760	1
22	3760	0
7	3761	0
18	3761	1
32	3761	0
5	3762	1
20	3762	0
18	3763	0
22	3763	0
17	3764	0
24	3764	0
38	3764	0
19	3765	0
28	3765	0
19	3766	0
37	3766	0
21	3767	1
30	3767	0
39	3767	0
6	3768	0
26	3768	1
33	3768	0
5	3769	0
22	3769	0
26	3769	1
29	3769	1
24	3770	0
0	3771	0
28	3771	0
